2013092723104792300	Event	Test Begin	Default Test	2013-09-27 23:10:47.903	R	22A7CFE3-2413-41D2-80F8-C693F17141F9	ApioTest version 1.07		
2013092723104792300	Config	Local Default		DevMotRate	32.0	MagnetometerRate	32.0	LocDistanceFilter	20	AccelerometerRate	32.0	GyroRate	32.0		
2013092723104792300	Customer	22A7CFE3-2413-41D2-80F8-C693F17141F9	Kayla	Washenberger	6517697331			
2013092723104792300	Vehicle	Liberty Sport	Jeep	2002				
2013092723104792300	Event	Text	Default Test	2013-09-27 23:10:47.902	R	22A7CFE3-2413-41D2-80F8-C693F17141F9	Driver		
2013092723104794700	CMGyro	2013-09-27 23:10:47.947	R	22A7CFE3-2413-41D2-80F8-C693F17141F9		0.287818	0.000908	-0.070540	75006.814833		
2013092723104796200	CMDevMot	2013-09-27 23:10:47.962	R	22A7CFE3-2413-41D2-80F8-C693F17141F9		0.997523	0.028208	0.064430	0.027295	0.689011	-0.724237	-0.064823	0.724202	0.686534	0.394328	0.035188	-0.000249	0.918296	0.094141	0.809877	-0.040917	0.171440	0.012046	-0.102586	0.064823	-0.724202	-0.686534	-0.000431	0.000585	-0.000645	0.000000	0.000000	0.000000	-1.000000	75006.814833		
2013092723104797800	Event	Bluetooth	Default Test	2013-09-27 23:10:47.975	R	22A7CFE3-2413-41D2-80F8-C693F17141F9	Bluetooth is currently powered on and available to use.		
2013092723104797800	CMGyro	2013-09-27 23:10:47.978	R	22A7CFE3-2413-41D2-80F8-C693F17141F9		0.199045	0.026467	-0.038362	75006.846097		
2013092723104799100	CMDevMotMag	2013-09-27 23:10:47.991	R	22A7CFE3-2413-41D2-80F8-C693F17141F9		-133.025894	115.133194	-196.722946	0.000000	75006.862371		
2013092723104799100	Location	2013-09-27 23:10:47.991	R	22A7CFE3-2413-41D2-80F8-C693F17141F9		44.834100	-92.934895	277.835670	5.000000	3.000000	0.000000	270.703125	20130927231047935		
2013092723104799700	CMDevMot	2013-09-27 23:10:47.996	R	22A7CFE3-2413-41D2-80F8-C693F17141F9		0.997332	0.031458	0.065874	0.026393	0.685955	-0.727165	-0.068061	0.726964	0.683294	0.396258	0.036498	-0.001380	0.917412	0.099280	0.813890	-0.045828	0.082669	0.037604	-0.070407	0.068061	-0.726964	-0.683294	0.035317	-0.047740	0.034246	0.000000	0.000000	0.000000	-1.000000	75006.846097		
2013092723104801000	CMGyro	2013-09-27 23:10:48.010	R	22A7CFE3-2413-41D2-80F8-C693F17141F9		0.134429	-0.010788	-0.138710	75006.877361		
2013092723104802600	CMDevMot	2013-09-27 23:10:48.025	R	22A7CFE3-2413-41D2-80F8-C693F17141F9		0.997195	0.035352	0.065966	0.023880	0.685038	-0.728115	-0.070930	0.727649	0.682273	0.396826	0.037317	-0.003127	0.917130	0.103589	0.814888	-0.051561	0.018053	0.000349	-0.170755	0.070930	-0.727649	-0.682273	0.023354	-0.035611	0.031089	0.000000	0.000000	0.000000	-1.000000	75006.877361		
2013092723104802600	CMDevMotMag	2013-09-27 23:10:48.026	R	22A7CFE3-2413-41D2-80F8-C693F17141F9		-132.353195	116.138718	-197.051102	0.000000	75006.900836		
2013092723104804000	CMGyro	2013-09-27 23:10:48.040	R	22A7CFE3-2413-41D2-80F8-C693F17141F9		0.083150	0.029819	-0.220259	75006.908624		
2013092723104805700	CMDevMot	2013-09-27 23:10:48.057	R	22A7CFE3-2413-41D2-80F8-C693F17141F9		0.996856	0.042046	0.067165	0.020147	0.685281	-0.728000	-0.076636	0.727064	0.682279	0.396641	0.039199	-0.005969	0.917117	0.111855	0.814036	-0.061278	-0.033815	0.040030	-0.253048	0.076636	-0.727064	-0.682279	0.018182	-0.024493	0.062269	0.000000	0.000000	0.000000	-1.000000	75006.908624		
2013092723104806400	CMDevMotMag	2013-09-27 23:10:48.064	R	22A7CFE3-2413-41D2-80F8-C693F17141F9		-130.671463	116.473892	-197.379242	0.000000	75006.939666		
2013092723104807200	CMGyro	2013-09-27 23:10:48.071	R	22A7CFE3-2413-41D2-80F8-C693F17141F9		-0.049128	-0.097873	-0.218945	75006.939888		
2013092723104808900	CMDevMot	2013-09-27 23:10:48.088	R	22A7CFE3-2413-41D2-80F8-C693F17141F9		0.996194	0.052616	0.069497	0.015096	0.681092	-0.732042	-0.085850	0.730305	0.677705	0.399186	0.042406	-0.010242	0.915832	0.126007	0.818768	-0.077099	-0.166052	-0.087650	-0.251742	0.085850	-0.730305	-0.677705	0.037807	-0.022442	0.075792	0.000000	0.000000	0.000000	-1.000000	75006.939888		
2013092723104810400	CMDevMotMag	2013-09-27 23:10:48.103	R	22A7CFE3-2413-41D2-80F8-C693F17141F9		-130.335114	116.138718	-196.394806	0.000000	75006.978626		
2013092723104810400	CMGyro	2013-09-27 23:10:48.104	R	22A7CFE3-2413-41D2-80F8-C693F17141F9		-0.150947	-0.272491	-0.212749	75006.971152		
2013092723104811900	CMDevMot	2013-09-27 23:10:48.118	R	22A7CFE3-2413-41D2-80F8-C693F17141F9		0.995678	0.063947	0.067353	0.005800	0.680980	-0.732279	-0.092693	0.729505	0.677665	0.399072	0.043693	-0.015874	0.915741	0.135940	0.817598	-0.093630	-0.267830	-0.262245	-0.245567	0.092693	-0.729505	-0.677665	0.050983	-0.012957	0.079475	0.000000	0.000000	0.000000	-1.000000	75006.971152		
2013092723104813500	CMGyro	2013-09-27 23:10:48.135	R	22A7CFE3-2413-41D2-80F8-C693F17141F9		-0.181810	-0.335513	-0.192122	75007.002416		
2013092723104814200	CMDevMotMag	2013-09-27 23:10:48.141	R	22A7CFE3-2413-41D2-80F8-C693F17141F9		-131.344162	117.144257	-197.707382	0.000000	75007.017502		
2013092723104815200	CMDevMot	2013-09-27 23:10:48.152	R	22A7CFE3-2413-41D2-80F8-C693F17141F9		0.995231	0.074440	0.063044	-0.004919	0.683753	-0.729697	-0.097426	0.725907	0.680858	0.397058	0.043773	-0.021647	0.916493	0.142128	0.812352	-0.108443	-0.298653	-0.325238	-0.224966	0.097426	-0.725907	-0.680858	0.006105	0.004105	0.056483	0.000000	0.000000	0.000000	-1.000000	75007.002416		
2013092723104816700	CMGyro	2013-09-27 23:10:48.166	R	22A7CFE3-2413-41D2-80F8-C693F17141F9		-0.070232	-0.622465	-0.033373	75007.033680		
2013092723104818100	CMDevMotMag	2013-09-27 23:10:48.181	R	22A7CFE3-2413-41D2-80F8-C693F17141F9		-131.680511	115.803543	-197.051102	0.000000	75007.056332		
2013092723104818200	CMDevMot	2013-09-27 23:10:48.182	R	22A7CFE3-2413-41D2-80F8-C693F17141F9		0.995439	0.082134	0.048537	-0.021419	0.688169	-0.725234	-0.092968	0.720886	0.686790	0.393853	0.038539	-0.028203	0.917932	0.134548	0.805080	-0.118789	-0.187058	-0.612173	-0.066234	0.092968	-0.720886	-0.686790	0.159840	-0.119812	0.028388	0.000000	0.000000	0.000000	-1.000000	75007.033680		
2013092723104819700	CMGyro	2013-09-27 23:10:48.197	R	22A7CFE3-2413-41D2-80F8-C693F17141F9		-0.219288	-1.180277	0.448221	75007.064943		
2013092723104821300	CMDevMot	2013-09-27 23:10:48.213	R	22A7CFE3-2413-41D2-80F8-C693F17141F9		0.997180	0.072761	0.018390	-0.037390	0.694124	-0.718884	-0.065072	0.716169	0.694887	0.389926	0.022678	-0.029930	0.920080	0.093372	0.798297	-0.104443	-0.336114	-1.169985	0.415360	0.065072	-0.716169	-0.694887	0.158424	-0.097628	0.095278	0.000000	0.000000	0.000000	-1.000000	75007.064943		
2013092723104822100	CMDevMotMag	2013-09-27 23:10:48.221	R	22A7CFE3-2413-41D2-80F8-C693F17141F9		-133.530426	116.976669	-198.199600	0.000000	75007.095350		
2013092723104824400	CMGyro	2013-09-27 23:10:48.244	R	22A7CFE3-2413-41D2-80F8-C693F17141F9		-0.544079	-0.868347	0.000916	75007.111839		
2013092723104825900	CMDevMotMag	2013-09-27 23:10:48.259	R	22A7CFE3-2413-41D2-80F8-C693F17141F9		-133.362244	118.149780	-198.363678	0.000000	75007.134308		
2013092723104826000	CMDevMot	2013-09-27 23:10:48.259	R	22A7CFE3-2413-41D2-80F8-C693F17141F9		0.997860	0.063617	-0.015127	-0.055746	0.706684	-0.705330	-0.034181	0.704664	0.708718	0.381595	0.005157	-0.032304	0.923751	0.048192	0.781949	-0.089780	-0.660904	-0.858054	-0.031944	0.034181	-0.704664	-0.708718	-0.050340	0.030332	0.041924	0.000000	0.000000	0.000000	-1.000000	75007.111839		
2013092723104827500	CMGyro	2013-09-27 23:10:48.275	R	22A7CFE3-2413-41D2-80F8-C693F17141F9		-0.439887	-0.869874	-0.213723	75007.143103		
2013092723104829200	CMDevMot	2013-09-27 23:10:48.291	R	22A7CFE3-2413-41D2-80F8-C693F17141F9		0.996550	0.071026	-0.042943	-0.081019	0.720159	-0.689062	-0.018015	0.690164	0.723429	0.371807	-0.006720	-0.040988	0.927380	0.024898	0.761715	-0.098307	-0.556711	-0.859582	-0.246584	0.018015	-0.690164	-0.723429	0.045339	0.031396	-0.050985	0.000000	0.000000	0.000000	-1.000000	75007.143103		
2013092723104829700	CMDevMotMag	2013-09-27 23:10:48.297	R	22A7CFE3-2413-41D2-80F8-C693F17141F9		-134.371292	116.809082	-200.004395	0.000000	75007.173217		
2013092723104830700	CMGyro	2013-09-27 23:10:48.307	R	22A7CFE3-2413-41D2-80F8-C693F17141F9		-0.110369	-0.491773	-0.002302	75007.174367		
2013092723104832400	CMDevMot	2013-09-27 23:10:48.324	R	22A7CFE3-2413-41D2-80F8-C693F17141F9		0.995308	0.075135	-0.060959	-0.096522	0.727453	-0.679334	-0.006697	0.682031	0.731293	0.366252	-0.014598	-0.046181	0.929254	0.009157	0.750536	-0.102920	-0.227192	-0.481481	-0.035162	0.006697	-0.682031	-0.731293	0.054216	-0.026374	-0.097428	0.000000	0.000000	0.000000	-1.000000	75007.174367		
2013092723104833700	CMDevMotMag	2013-09-27 23:10:48.337	R	22A7CFE3-2413-41D2-80F8-C693F17141F9		-135.716690	118.484955	-199.348114	0.000000	75007.212238		
2013092723104833800	CMGyro	2013-09-27 23:10:48.338	R	22A7CFE3-2413-41D2-80F8-C693F17141F9		-0.057736	-0.103658	-0.113142	75007.205630		
2013092723104835400	CMDevMot	2013-09-27 23:10:48.353	R	22A7CFE3-2413-41D2-80F8-C693F17141F9		0.994573	0.077666	-0.069226	-0.104024	0.730740	-0.674683	-0.001813	0.678223	0.734854	0.363655	-0.018120	-0.048837	0.930076	0.002468	0.745342	-0.105886	-0.174559	-0.093365	-0.146002	0.001813	-0.678223	-0.734854	0.018389	-0.043899	-0.040628	0.000000	0.000000	0.000000	-1.000000	75007.205630		
2013092723104837000	CMGyro	2013-09-27 23:10:48.369	R	22A7CFE3-2413-41D2-80F8-C693F17141F9		-0.288464	-0.107700	-0.475548	75007.236894		
2013092723104837500	CMDevMotMag	2013-09-27 23:10:48.375	R	22A7CFE3-2413-41D2-80F8-C693F17141F9		-134.707642	117.814606	-198.363678	0.000000	75007.251059		
2013092723104839100	CMDevMot	2013-09-27 23:10:48.390	R	22A7CFE3-2413-41D2-80F8-C693F17141F9		0.993480	0.089133	-0.071083	-0.113782	0.736115	-0.667225	-0.007146	0.670962	0.741457	0.359134	-0.017159	-0.054457	0.931538	0.009638	0.735506	-0.120499	-0.405285	-0.097408	-0.508407	0.007146	-0.670962	-0.741457	0.026820	-0.004941	0.001726	0.000000	0.000000	0.000000	-1.000000	75007.236894		
2013092723104841400	CMDevMotMag	2013-09-27 23:10:48.414	R	22A7CFE3-2413-41D2-80F8-C693F17141F9		-132.857727	118.652542	-198.855896	0.000000	75007.289938		
2013092723104841700	CMGyro	2013-09-27 23:10:48.416	R	22A7CFE3-2413-41D2-80F8-C693F17141F9		-0.396107	-0.080115	-0.790636	75007.283790		
2013092723104843200	CMDevMot	2013-09-27 23:10:48.431	R	22A7CFE3-2413-41D2-80F8-C693F17141F9		0.991017	0.112543	-0.072240	-0.132199	0.742851	-0.656274	-0.020196	0.659929	0.751057	0.352530	-0.013939	-0.065551	0.933398	0.026883	0.720724	-0.150358	-0.512934	-0.069822	-0.823497	0.020196	-0.659929	-0.751057	0.016120	-0.048049	-0.101726	-15.130889	-44.805244	-27.625010	1.000000	75007.283790		
2013092723104844700	CMGyro	2013-09-27 23:10:48.447	R	22A7CFE3-2413-41D2-80F8-C693F17141F9		-0.422228	-0.322982	-1.027739	75007.315054		
2013092723104845300	CMDevMotMag	2013-09-27 23:10:48.453	R	22A7CFE3-2413-41D2-80F8-C693F17141F9		-129.998764	117.814606	-200.004395	0.000000	75007.328769		
2013092723104845400	Heading	2013-09-27 23:10:48.454	R	22A7CFE3-2413-41D2-80F8-C693F17141F9		136.181473	136.358322	35.000000	-11.765320	-44.482292	-29.043732	20130927231048453		
2013092723104846300	CMDevMot	2013-09-27 23:10:48.463	R	22A7CFE3-2413-41D2-80F8-C693F17141F9		0.986967	0.142731	-0.074328	-0.156874	0.750363	-0.642141	-0.035880	0.645432	0.762974	0.344103	-0.010275	-0.080069	0.935455	0.046992	0.701589	-0.187971	-0.539057	-0.312689	-1.060600	0.035880	-0.645432	-0.762974	-0.076545	0.047562	-0.207103	-14.037678	-44.720459	-28.330544	1.000000	75007.315054		
2013092723104847900	CMGyro	2013-09-27 23:10:48.479	R	22A7CFE3-2413-41D2-80F8-C693F17141F9		-0.229934	-0.849584	-0.892712	75007.346317		
2013092723104848000	Heading	2013-09-27 23:10:48.480	R	22A7CFE3-2413-41D2-80F8-C693F17141F9		137.456161	137.633011	35.000000	-11.400955	-44.566086	-29.358200	20130927231048479		
2013092723104849300	CMDevMotMag	2013-09-27 23:10:48.493	R	22A7CFE3-2413-41D2-80F8-C693F17141F9		-130.839630	118.317368	-200.824768	0.000000	75007.367685		
2013092723104849400	CMDevMot	2013-09-27 23:10:48.494	R	22A7CFE3-2413-41D2-80F8-C693F17141F9		0.980025	0.176285	-0.092058	-0.194473	0.752640	-0.629057	-0.041607	0.634395	0.771889	0.337452	-0.013475	-0.099025	0.936023	0.053851	0.687225	-0.230074	-0.346763	-0.839292	-0.925572	0.041607	-0.634395	-0.771889	0.034672	-0.074514	-0.219749	-12.884142	-44.700901	-28.903696	1.000000	75007.346317		
2013092723104851000	CMGyro	2013-09-27 23:10:48.509	R	22A7CFE3-2413-41D2-80F8-C693F17141F9		-0.223234	0.200735	0.425447	75007.377581		
2013092723104852500	CMDevMot	2013-09-27 23:10:48.525	R	22A7CFE3-2413-41D2-80F8-C693F17141F9		0.977926	0.184402	-0.098265	-0.205099	0.757264	-0.620068	-0.039929	0.626535	0.778370	0.332525	-0.015561	-0.103897	0.937225	0.051254	0.677100	-0.238861	-0.340062	0.211028	0.392586	0.039929	-0.626535	-0.778370	0.208606	-0.096228	-0.041958	-12.540504	-44.736610	-28.999432	1.000000	75007.377581		
2013092723104853100	CMDevMotMag	2013-09-27 23:10:48.531	R	22A7CFE3-2413-41D2-80F8-C693F17141F9		-131.680511	119.490494	-203.285858	0.000000	75007.406478		
2013092723104853200	Heading	2013-09-27 23:10:48.532	R	22A7CFE3-2413-41D2-80F8-C693F17141F9		139.085159	139.262009	35.000000	-11.081421	-44.448769	-30.203171	20130927231048531		
2013092723104854100	CMGyro	2013-09-27 23:10:48.541	R	22A7CFE3-2413-41D2-80F8-C693F17141F9		-0.409724	0.586007	1.459669	75007.408845		
2013092723104855700	CMDevMot	2013-09-27 23:10:48.557	R	22A7CFE3-2413-41D2-80F8-C693F17141F9		0.985259	0.150825	-0.080725	-0.168427	0.772624	-0.612115	-0.029952	0.616688	0.786637	0.326343	-0.013484	-0.084786	0.941345	0.038057	0.664529	-0.192786	-0.526551	0.596299	1.426809	0.029952	-0.616688	-0.786637	0.010865	-0.018504	-0.058974	-12.450026	-44.543903	-29.333134	1.000000	75007.408845		
2013092723104857000	CMDevMotMag	2013-09-27 23:10:48.569	R	22A7CFE3-2413-41D2-80F8-C693F17141F9		-131.512329	120.998779	-202.137344	0.000000	75007.445308		
2013092723104857300	CMGyro	2013-09-27 23:10:48.572	R	22A7CFE3-2413-41D2-80F8-C693F17141F9		0.335769	0.654472	-0.138058	75007.440109		
2013092723104858800	CMDevMot	2013-09-27 23:10:48.588	R	22A7CFE3-2413-41D2-80F8-C693F17141F9		0.989868	0.129988	-0.057141	-0.137597	0.778765	-0.612039	-0.035058	0.613700	0.788761	0.324939	-0.005854	-0.070936	0.943053	0.044417	0.660738	-0.165390	0.218942	0.664765	-0.170918	0.035058	-0.613700	-0.788761	-0.497674	-0.036614	-0.256161	-14.017307	-43.239395	-30.552664	1.000000	75007.440109		
2013092723104860300	CMGyro	2013-09-27 23:10:48.603	R	22A7CFE3-2413-41D2-80F8-C693F17141F9		1.403068	-1.092442	-1.852774	75007.471373		
2013092723104860900	CMDevMotMag	2013-09-27 23:10:48.608	R	22A7CFE3-2413-41D2-80F8-C693F17141F9		-129.326065	117.144257	-198.035538	0.000000	75007.484124		
2013092723104861000	Heading	2013-09-27 23:10:48.609	R	22A7CFE3-2413-41D2-80F8-C693F17141F9		137.981644	138.158493	35.000000	-10.711441	-43.711380	-30.761017	20130927231048608		
2013092723104861900	CMDevMot	2013-09-27 23:10:48.619	R	22A7CFE3-2413-41D2-80F8-C693F17141F9		0.983177	0.169081	-0.069103	-0.174496	0.757616	-0.628944	-0.053988	0.630421	0.774374	0.335852	-0.004031	-0.091626	0.937439	0.069606	0.682095	-0.219576	1.286243	-1.082150	-1.885634	0.053988	-0.630421	-0.774374	-0.114123	-0.025005	-0.648554	-13.074756	-43.646210	-30.391684	1.000000	75007.471373		
2013092723104863500	CMGyro	2013-09-27 23:10:48.634	R	22A7CFE3-2413-41D2-80F8-C693F17141F9		2.963691	-2.214119	-2.705176	75007.502636		
2013092723104863600	Heading	2013-09-27 23:10:48.636	R	22A7CFE3-2413-41D2-80F8-C693F17141F9		139.761322	139.938171	35.000000	-9.786469	-44.666626	-29.497665	20130927231048634		
2013092723104864700	CMDevMotMag	2013-09-27 23:10:48.647	R	22A7CFE3-2413-41D2-80F8-C693F17141F9		-123.944489	112.116608	-191.800781	0.000000	75007.522956		
2013092723104865100	CMDevMot	2013-09-27 23:10:48.651	R	22A7CFE3-2413-41D2-80F8-C693F17141F9		0.961321	0.232677	-0.147390	-0.270448	0.696070	-0.665090	-0.052157	0.679226	0.732073	0.365095	-0.025864	-0.136641	0.920525	0.071125	0.746708	-0.322596	2.846866	-2.203826	-2.738036	0.052157	-0.679226	-0.732073	-0.050814	0.180966	-0.314313	-12.233092	-44.475468	-29.527607	1.000000	75007.502636		
2013092723104866200	Heading	2013-09-27 23:10:48.661	R	22A7CFE3-2413-41D2-80F8-C693F17141F9		143.071274	143.248123	35.000000	-8.272903	-46.040863	-27.266281	20130927231048660		
2013092723104866600	CMGyro	2013-09-27 23:10:48.666	R	22A7CFE3-2413-41D2-80F8-C693F17141F9		2.642117	-1.943507	-3.007031	75007.533900		
2013092723104868200	CMDevMot	2013-09-27 23:10:48.681	R	22A7CFE3-2413-41D2-80F8-C693F17141F9		0.923622	0.305957	-0.230896	-0.375985	0.606006	-0.700994	-0.074549	0.734267	0.674755	0.400893	-0.043670	-0.190478	0.895040	0.110037	0.824586	-0.467539	2.525292	-1.933215	-3.039890	0.074549	-0.734267	-0.674755	0.117116	0.058348	-0.001865	-10.696104	-47.241528	-25.562214	1.000000	75007.533900		
2013092723104868600	CMDevMotMag	2013-09-27 23:10:48.686	R	22A7CFE3-2413-41D2-80F8-C693F17141F9		-119.067429	109.937958	-188.355255	0.000000	75007.561771		
2013092723104868800	Heading	2013-09-27 23:10:48.687	R	22A7CFE3-2413-41D2-80F8-C693F17141F9		147.429428	147.606277	35.000000	-5.918457	-48.219513	-24.509857	20130927231048686		
2013092723104869700	CMGyro	2013-09-27 23:10:48.697	R	22A7CFE3-2413-41D2-80F8-C693F17141F9		1.914477	-0.978342	-2.833082	75007.565164		
2013092723104871300	CMDevMot	2013-09-27 23:10:48.713	R	22A7CFE3-2413-41D2-80F8-C693F17141F9		0.880831	0.370367	-0.294900	-0.459928	0.521711	-0.718529	-0.112266	0.768535	0.629881	0.426977	-0.052439	-0.238401	0.870693	0.176382	0.876548	-0.617344	1.797654	-0.968049	-2.865942	0.112266	-0.768535	-0.629881	0.084038	0.182079	0.095107	-5.776075	-51.122818	-18.780033	1.000000	75007.565164		
2013092723104871400	Heading	2013-09-27 23:10:48.714	R	22A7CFE3-2413-41D2-80F8-C693F17141F9		153.491486	153.668335	35.000000	-3.395836	-50.130020	-21.490921	20130927231048712		
2013092723104872500	CMDevMotMag	2013-09-27 23:10:48.725	R	22A7CFE3-2413-41D2-80F8-C693F17141F9		-112.844986	109.435181	-185.566025	0.000000	75007.600644		
2013092723104872900	CMGyro	2013-09-27 23:10:48.729	R	22A7CFE3-2413-41D2-80F8-C693F17141F9		1.547814	-0.520676	-2.639275	75007.596428		
2013092723104874000	Heading	2013-09-27 23:10:48.740	R	22A7CFE3-2413-41D2-80F8-C693F17141F9		158.981155	159.158005	35.000000	-0.133247	-51.638321	-18.734512	20130927231048738		
2013092723104874300	CMDevMot	2013-09-27 23:10:48.743	R	22A7CFE3-2413-41D2-80F8-C693F17141F9		0.839874	0.430247	-0.330907	-0.516226	0.444816	-0.731881	-0.167697	0.785511	0.595693	0.447036	-0.048083	-0.278839	0.848585	0.274413	0.903521	-0.768751	1.430992	-0.510383	-2.672134	0.167697	-0.785511	-0.595693	0.065106	0.238819	-0.032145	-1.674843	-52.405800	-15.824738	1.000000	75007.596428		
2013092723104876000	CMGyro	2013-09-27 23:10:48.760	R	22A7CFE3-2413-41D2-80F8-C693F17141F9		0.979759	-0.739103	-3.030395	75007.627692		
2013092723104876300	CMDevMotMag	2013-09-27 23:10:48.763	R	22A7CFE3-2413-41D2-80F8-C693F17141F9		-107.631577	109.267593	-183.104935	0.000000	75007.639097		
2013092723104876500	Heading	2013-09-27 23:10:48.764	R	22A7CFE3-2413-41D2-80F8-C693F17141F9		164.162064	164.338913	35.000000	3.650673	-52.493019	-16.519531	20130927231048763		
2013092723104877600	CMDevMot	2013-09-27 23:10:48.776	R	22A7CFE3-2413-41D2-80F8-C693F17141F9		0.791797	0.490964	-0.363335	-0.567625	0.371851	-0.734526	-0.225519	0.787834	0.573114	0.460117	-0.041653	-0.319948	0.827158	0.374889	0.907283	-0.922582	0.862937	-0.728810	-3.063254	0.225519	-0.787834	-0.573114	-0.026804	0.326621	0.106729	2.532272	-52.987137	-13.621540	1.000000	75007.627692		
2013092723104879100	CMGyro	2013-09-27 23:10:48.791	R	22A7CFE3-2413-41D2-80F8-C693F17141F9		1.144071	-0.204759	-3.267880	75007.658955		
2013092723104879200	Heading	2013-09-27 23:10:48.792	R	22A7CFE3-2413-41D2-80F8-C693F17141F9		169.814392	169.991241	35.000000	7.636406	-52.945511	-14.928024	20130927231048789		
2013092723104880200	CMDevMotMag	2013-09-27 23:10:48.802	R	22A7CFE3-2413-41D2-80F8-C693F17141F9		-101.240952	111.278656	-182.120499	0.000000	75007.678017		
2013092723104880700	CMDevMot	2013-09-27 23:10:48.806	R	22A7CFE3-2413-41D2-80F8-C693F17141F9		0.732602	0.557804	-0.390063	-0.612597	0.290555	-0.735053	-0.296681	0.777452	0.554570	0.471030	-0.029082	-0.364491	0.802765	0.491233	0.890605	-1.090576	1.027249	-0.194467	-3.300739	0.296681	-0.777452	-0.554570	0.041592	0.218462	0.037557	4.842157	-53.008636	-12.893160	1.000000	75007.658955		
2013092723104881700	Heading	2013-09-27 23:10:48.816	R	22A7CFE3-2413-41D2-80F8-C693F17141F9		175.301392	175.478241	35.000000	11.891212	-52.694130	-13.369339	20130927231048815		
2013092723104882200	CMGyro	2013-09-27 23:10:48.822	R	22A7CFE3-2413-41D2-80F8-C693F17141F9		1.729332	0.673798	-2.951961	75007.690219		
2013092723104883800	CMDevMot	2013-09-27 23:10:48.838	R	22A7CFE3-2413-41D2-80F8-C693F17141F9		0.679901	0.609778	-0.407314	-0.627506	0.196395	-0.753436	-0.379435	0.767854	0.516169	0.491767	-0.009012	-0.399960	0.773380	0.633896	0.875484	-1.259212	1.612512	0.684090	-2.984819	0.379435	-0.767854	-0.516169	0.158392	0.336289	0.057779	10.038019	-52.601227	-11.486713	1.000000	75007.690219		
2013092723104884100	CMDevMotMag	2013-09-27 23:10:48.841	R	22A7CFE3-2413-41D2-80F8-C693F17141F9		-95.859375	112.284195	-177.198318	0.000000	75007.716916		
2013092723104884200	Heading	2013-09-27 23:10:48.842	R	22A7CFE3-2413-41D2-80F8-C693F17141F9		179.700775	179.877625	35.000000	16.246925	-52.677368	-11.646561	20130927231048841		
2013092723104885400	CMGyro	2013-09-27 23:10:48.854	R	22A7CFE3-2413-41D2-80F8-C693F17141F9		1.760696	0.810679	-2.335354	75007.721483		
2013092723104886900	Heading	2013-09-27 23:10:48.869	R	22A7CFE3-2413-41D2-80F8-C693F17141F9		184.593613	184.770462	35.000000	20.266296	-51.990265	-9.825363	20130927231048867		
2013092723104887000	CMDevMot	2013-09-27 23:10:48.870	R	22A7CFE3-2413-41D2-80F8-C693F17141F9		0.638277	0.643081	-0.423141	-0.621649	0.106379	-0.776039	-0.454043	0.758373	0.467670	0.515807	0.010388	-0.425151	0.743694	0.770615	0.860813	-1.406861	1.643876	0.820971	-2.368212	0.454043	-0.758373	-0.467670	0.140363	0.309383	0.097171	17.647060	-51.296768	-7.537750	1.000000	75007.721483		
2013092723104888000	CMDevMotMag	2013-09-27 23:10:48.879	R	22A7CFE3-2413-41D2-80F8-C693F17141F9		-91.655014	112.786957	-172.768372	0.000000	75007.755752		
2013092723104888500	CMGyro	2013-09-27 23:10:48.885	R	22A7CFE3-2413-41D2-80F8-C693F17141F9		2.070158	0.713307	-1.526460	75007.752747		
2013092723104889500	Heading	2013-09-27 23:10:48.894	R	22A7CFE3-2413-41D2-80F8-C693F17141F9		187.914078	188.090927	35.000000	23.495247	-51.051758	-7.364273	20130927231048893		
2013092723104890100	CMDevMot	2013-09-27 23:10:48.900	R	22A7CFE3-2413-41D2-80F8-C693F17141F9		0.609677	0.655482	-0.445688	-0.607108	0.024649	-0.794237	-0.509622	0.754809	0.412976	0.541307	0.022341	-0.441206	0.715420	0.889772	0.855362	-1.533209	1.953339	0.723599	-1.559318	0.509622	-0.754809	-0.412976	0.139044	0.235705	0.083646	21.448582	-50.202812	-4.385330	1.000000	75007.752747		
2013092723104891600	CMGyro	2013-09-27 23:10:48.916	R	22A7CFE3-2413-41D2-80F8-C693F17141F9		2.131310	0.956642	-1.065349	75007.784011		
2013092723104891900	CMDevMotMag	2013-09-27 23:10:48.919	R	22A7CFE3-2413-41D2-80F8-C693F17141F9		-90.141449	116.641479	-167.025833	0.000000	75007.794656		
2013092723104892000	Heading	2013-09-27 23:10:48.920	R	22A7CFE3-2413-41D2-80F8-C693F17141F9		191.395340	191.572189	35.000000	26.421478	-49.878639	-4.410980	20130927231048919		
2013092723104893200	CMDevMot	2013-09-27 23:10:48.931	R	22A7CFE3-2413-41D2-80F8-C693F17141F9		0.597206	0.649388	-0.470786	-0.586373	-0.047011	-0.808676	-0.547277	0.759002	0.352708	0.568223	0.027725	-0.447916	0.689729	0.998313	0.861779	-1.643063	2.014492	0.966934	-1.098207	0.547277	-0.759002	-0.352708	0.068262	0.269149	0.243928	23.828732	-49.305862	-0.847548	1.000000	75007.784011		
2013092723104894700	CMGyro	2013-09-27 23:10:48.947	R	22A7CFE3-2413-41D2-80F8-C693F17141F9		2.019754	1.374102	-1.372290	75007.815274		
2013092723104894800	Heading	2013-09-27 23:10:48.948	R	22A7CFE3-2413-41D2-80F8-C693F17141F9		194.852753	195.029602	35.000000	28.658195	-48.755798	-1.375641	20130927231048946		
2013092723104895800	CMDevMotMag	2013-09-27 23:10:48.957	R	22A7CFE3-2413-41D2-80F8-C693F17141F9		-87.955185	119.490494	-163.252151	0.000000	75007.833389		
2013092723104896400	CMDevMot	2013-09-27 23:10:48.963	R	22A7CFE3-2413-41D2-80F8-C693F17141F9		0.590428	0.643879	-0.486636	-0.549701	-0.120666	-0.826600	-0.590951	0.755552	0.282697	0.597578	0.039400	-0.450815	0.661902	1.124598	0.856497	-1.756053	1.902936	1.384393	-1.405148	0.590951	-0.755552	-0.282697	0.144583	0.268766	0.247464	24.658504	-48.892765	1.025030	1.000000	75007.815274		
2013092723104897200	Heading	2013-09-27 23:10:48.972	R	22A7CFE3-2413-41D2-80F8-C693F17141F9		197.307236	197.484085	35.000000	30.491287	-47.096680	1.561264	20130927231048971		
2013092723104897900	CMGyro	2013-09-27 23:10:48.978	R	22A7CFE3-2413-41D2-80F8-C693F17141F9		1.814078	0.674633	-1.597008	75007.846538		
2013092723104899500	CMDevMot	2013-09-27 23:10:48.994	R	22A7CFE3-2413-41D2-80F8-C693F17141F9		0.575444	0.644238	-0.503808	-0.516659	-0.191168	-0.834577	-0.633978	0.740549	0.222845	0.621242	0.051340	-0.457867	0.633861	1.232784	0.833887	-1.859256	1.697261	0.684925	-1.629865	0.633978	-0.740549	-0.222845	0.118891	0.354288	0.157857	26.495159	-47.666229	5.052946	1.000000	75007.846538		
2013092723104899700	CMDevMotMag	2013-09-27 23:10:48.996	R	22A7CFE3-2413-41D2-80F8-C693F17141F9		-83.246292	120.496017	-158.986267	0.000000	75007.872279		
2013092723104899800	Heading	2013-09-27 23:10:48.997	R	22A7CFE3-2413-41D2-80F8-C693F17141F9		199.694977	199.871826	35.000000	32.122574	-45.638664	4.760666	20130927231048996		
2013092723104901000	CMGyro	2013-09-27 23:10:49.010	R	22A7CFE3-2413-41D2-80F8-C693F17141F9		2.047823	0.237456	-1.661664	75007.877802		
2013092723104902400	Heading	2013-09-27 23:10:49.024	R	22A7CFE3-2413-41D2-80F8-C693F17141F9		203.373886	203.550735	35.000000	33.737045	-43.661125	7.287399	20130927231049022		
2013092723104902600	CMDevMot	2013-09-27 23:10:49.025	R	22A7CFE3-2413-41D2-80F8-C693F17141F9		0.546685	0.645234	-0.533674	-0.494765	-0.265270	-0.827550	-0.675532	0.716453	0.174220	0.639870	0.058789	-0.472442	0.603248	1.318396	0.798704	-1.960854	1.931007	0.247748	-1.694521	0.675532	-0.716453	-0.174220	0.232717	0.267310	0.143778	29.644823	-44.973351	9.908462	1.000000	75007.877802		
2013092723104903600	CMDevMotMag	2013-09-27 23:10:49.035	R	22A7CFE3-2413-41D2-80F8-C693F17141F9		-82.237259	125.188492	-157.345551	0.000000	75007.911199		
2013092723104904100	CMGyro	2013-09-27 23:10:49.041	R	22A7CFE3-2413-41D2-80F8-C693F17141F9		2.187461	0.222885	-1.042878	75007.909066		
2013092723104905000	Heading	2013-09-27 23:10:49.050	R	22A7CFE3-2413-41D2-80F8-C693F17141F9		206.864685	207.041534	35.000000	35.351517	-41.851173	9.617233	20130927231049048		
2013092723104905700	CMDevMot	2013-09-27 23:10:49.057	R	22A7CFE3-2413-41D2-80F8-C693F17141F9		0.523091	0.632904	-0.570797	-0.475792	-0.338798	-0.811688	-0.707105	0.696167	0.123908	0.659162	0.059588	-0.484669	0.571883	1.397324	0.770045	-2.062290	2.070529	0.233551	-1.075235	0.707105	-0.696167	-0.123908	0.360689	0.252075	0.200401	31.800173	-42.707001	12.824047	1.000000	75007.909066		
2013092723104907200	CMGyro	2013-09-27 23:10:49.072	R	22A7CFE3-2413-41D2-80F8-C693F17141F9		1.965702	0.309260	-0.233132	75007.940330		
2013092723104907400	CMDevMotMag	2013-09-27 23:10:49.074	R	22A7CFE3-2413-41D2-80F8-C693F17141F9		-82.069077	127.367142	-154.884460	0.000000	75007.950115		
2013092723104907600	Heading	2013-09-27 23:10:49.075	R	22A7CFE3-2413-41D2-80F8-C693F17141F9		210.749542	210.926392	35.000000	36.781006	-39.823357	11.832199	20130927231049074		
2013092723104908800	CMDevMot	2013-09-27 23:10:49.088	R	22A7CFE3-2413-41D2-80F8-C693F17141F9		0.516455	0.606366	-0.604644	-0.463120	-0.396138	-0.792840	-0.720273	0.689489	0.076233	0.677562	0.052853	-0.488855	0.546935	1.465350	0.760783	-2.149487	1.848771	0.319926	-0.265488	0.720273	-0.689489	-0.076233	0.343661	0.265264	0.201736	32.996872	-40.787762	15.721324	1.000000	75007.940330		
2013092723104910200	Heading	2013-09-27 23:10:49.101	R	22A7CFE3-2413-41D2-80F8-C693F17141F9		214.194550	214.371399	35.000000	37.588234	-38.046913	13.997971	20130927231049100		
2013092723104910400	CMGyro	2013-09-27 23:10:49.104	R	22A7CFE3-2413-41D2-80F8-C693F17141F9		1.701061	0.922848	-0.060465	75007.971593		
2013092723104911300	CMDevMotMag	2013-09-27 23:10:49.113	R	22A7CFE3-2413-41D2-80F8-C693F17141F9		-82.069077	128.372665	-149.962280	0.000000	75007.988903		
2013092723104912000	CMDevMot	2013-09-27 23:10:49.119	R	22A7CFE3-2413-41D2-80F8-C693F17141F9		0.526928	0.575581	-0.625343	-0.445300	-0.439734	-0.779963	-0.723916	0.689449	0.024598	0.696790	0.046743	-0.484098	0.527208	1.536830	0.760729	-2.223187	1.584131	0.933514	-0.092822	0.723916	-0.689449	-0.024598	0.192481	0.224072	0.211243	33.163082	-40.112034	17.053745	1.000000	75007.971593		
2013092723104912800	Heading	2013-09-27 23:10:49.127	R	22A7CFE3-2413-41D2-80F8-C693F17141F9		217.018936	217.195786	35.000000	37.890953	-36.404556	16.032455	20130927231049126		
2013092723104913500	CMGyro	2013-09-27 23:10:49.135	R	22A7CFE3-2413-41D2-80F8-C693F17141F9		1.286680	1.114690	0.087987	75008.002857		
2013092723104915100	CMDevMot	2013-09-27 23:10:49.150	R	22A7CFE3-2413-41D2-80F8-C693F17141F9		0.547333	0.549347	-0.631383	-0.419431	-0.472786	-0.774952	-0.724227	0.688979	-0.028358	0.715625	0.045385	-0.473575	0.511417	1.609933	0.760079	-2.281431	1.169750	1.125356	0.055631	0.724227	-0.688979	0.028358	0.236436	0.149001	0.162865	32.931282	-39.004807	19.843157	1.000000	75008.002857		
2013092723104915300	CMDevMotMag	2013-09-27 23:10:49.152	R	22A7CFE3-2413-41D2-80F8-C693F17141F9		-83.246292	129.210617	-147.501190	0.000000	75008.027588		
2013092723104915400	Heading	2013-09-27 23:10:49.154	R	22A7CFE3-2413-41D2-80F8-C693F17141F9		218.618546	218.795395	35.000000	37.907776	-35.415787	18.280258	20130927231049153		
2013092723104916600	CMGyro	2013-09-27 23:10:49.166	R	22A7CFE3-2413-41D2-80F8-C693F17141F9		1.020476	0.441446	0.007620	75008.034121		
2013092723104918200	CMDevMot	2013-09-27 23:10:49.182	R	22A7CFE3-2413-41D2-80F8-C693F17141F9		0.565132	0.529458	-0.632693	-0.399070	-0.495771	-0.771333	-0.722059	0.688394	-0.068885	0.729690	0.044672	-0.464153	0.500119	1.665909	0.759272	-2.323348	0.903547	0.452112	-0.024735	0.722059	-0.688394	0.068885	0.271776	0.066140	0.011590	31.822176	-37.756546	23.693619	1.000000	75008.034121		
2013092723104919100	CMDevMotMag	2013-09-27 23:10:49.191	R	22A7CFE3-2413-41D2-80F8-C693F17141F9		-84.759872	131.724442	-147.993408	0.000000	75008.066343		
2013092723104919700	CMGyro	2013-09-27 23:10:49.197	R	22A7CFE3-2413-41D2-80F8-C693F17141F9		0.891095	0.045217	-0.108448	75008.065385		
2013092723104920500	Heading	2013-09-27 23:10:49.205	R	22A7CFE3-2413-41D2-80F8-C693F17141F9		220.417770	220.594620	35.000000	36.898720	-33.404724	21.725784	20130927231049203		
2013092723104921300	CMDevMot	2013-09-27 23:10:49.213	R	22A7CFE3-2413-41D2-80F8-C693F17141F9		0.564471	0.515039	-0.645064	-0.395226	-0.517436	-0.758984	-0.724686	0.683370	-0.088520	0.736618	0.040663	-0.464878	0.489519	1.692344	0.752369	-2.358516	0.774167	0.055883	-0.140803	0.724686	-0.683370	0.088520	0.221024	-0.025538	0.149562	31.581745	-37.022369	25.130318	1.000000	75008.065385		
2013092723104922900	CMGyro	2013-09-27 23:10:49.228	R	22A7CFE3-2413-41D2-80F8-C693F17141F9		0.707683	0.601381	0.133629	75008.096649		
2013092723104923000	CMDevMotMag	2013-09-27 23:10:49.229	R	22A7CFE3-2413-41D2-80F8-C693F17141F9		-84.255341	131.556854	-146.188614	0.000000	75008.105186		
2013092723104924400	CMDevMot	2013-09-27 23:10:49.244	R	22A7CFE3-2413-41D2-80F8-C693F17141F9		0.572981	0.501939	-0.647881	-0.382747	-0.535132	-0.753086	-0.724705	0.679479	-0.114505	0.745422	0.039975	-0.460338	0.480454	1.727503	0.747052	-2.388190	0.590756	0.612047	0.101274	0.724705	-0.679479	0.114505	0.221721	-0.064998	0.165540	31.616798	-36.251465	26.187868	1.000000	75008.096649		
2013092723104925700	Heading	2013-09-27 23:10:49.257	R	22A7CFE3-2413-41D2-80F8-C693F17141F9		221.803818	221.980667	35.000000	36.242836	-32.248352	23.514175	20130927231049256		
2013092723104926000	CMGyro	2013-09-27 23:10:49.260	R	22A7CFE3-2413-41D2-80F8-C693F17141F9		0.299216	0.358264	0.321826	75008.127912		
2013092723104926800	CMDevMotMag	2013-09-27 23:10:49.268	R	22A7CFE3-2413-41D2-80F8-C693F17141F9		-84.087173	132.394791	-144.055679	0.000000	75008.143968		
2013092723104927600	CMDevMot	2013-09-27 23:10:49.275	R	22A7CFE3-2413-41D2-80F8-C693F17141F9		0.589981	0.489569	-0.642062	-0.372813	-0.540185	-0.754460	-0.716193	0.684487	-0.136182	0.752720	0.038778	-0.451116	0.477916	1.758700	0.753899	-2.405309	0.182290	0.368930	0.289470	0.716193	-0.684487	0.136182	0.099282	-0.161186	0.104861	31.352154	-35.975433	26.877605	1.000000	75008.127912		
2013092723104929100	CMGyro	2013-09-27 23:10:49.291	R	22A7CFE3-2413-41D2-80F8-C693F17141F9		0.066375	0.092730	-0.097022	75008.159176		
2013092723104930800	CMDevMot	2013-09-27 23:10:49.307	R	22A7CFE3-2413-41D2-80F8-C693F17141F9		0.586905	0.494273	-0.641278	-0.373648	-0.537305	-0.756102	-0.718283	0.683372	-0.130663	0.750812	0.040165	-0.452697	0.479306	1.750739	0.752371	-2.397885	-0.050550	0.103396	-0.129377	0.718283	-0.683372	0.130663	-0.146856	-0.168725	0.028257	30.497824	-35.944874	27.882690	1.000000	75008.159176		
2013092723104930800	CMDevMotMag	2013-09-27 23:10:49.308	R	22A7CFE3-2413-41D2-80F8-C693F17141F9		-84.928040	131.556854	-145.204178	0.000000	75008.182807		
2013092723104932200	CMGyro	2013-09-27 23:10:49.322	R	22A7CFE3-2413-41D2-80F8-C693F17141F9		0.459884	0.415189	0.061191	75008.190440		
2013092723104933900	CMDevMot	2013-09-27 23:10:49.338	R	22A7CFE3-2413-41D2-80F8-C693F17141F9		0.592380	0.489715	-0.639738	-0.368122	-0.541793	-0.755610	-0.716640	0.683110	-0.140673	0.754130	0.040309	-0.449650	0.476947	1.764627	0.752012	-2.406639	0.342959	0.425855	0.028837	0.716640	-0.683110	0.140673	-0.193263	-0.063350	0.071577	30.596579	-35.957123	27.758427	1.000000	75008.190440		
2013092723104934600	CMDevMotMag	2013-09-27 23:10:49.346	R	22A7CFE3-2413-41D2-80F8-C693F17141F9		-85.600739	132.562378	-143.563461	0.000000	75008.221619		
2013092723104935400	CMGyro	2013-09-27 23:10:49.354	R	22A7CFE3-2413-41D2-80F8-C693F17141F9		0.747380	0.463617	-0.221895	75008.221704		
2013092723104936100	Heading	2013-09-27 23:10:49.360	R	22A7CFE3-2413-41D2-80F8-C693F17141F9		222.969009	223.145859	35.000000	34.998352	-31.008209	25.909607	20130927231049359		
2013092723104937000	CMDevMot	2013-09-27 23:10:49.369	R	22A7CFE3-2413-41D2-80F8-C693F17141F9		0.599425	0.481161	-0.639667	-0.355366	-0.556101	-0.751310	-0.717221	0.677670	-0.162352	0.761229	0.041313	-0.445624	0.469300	1.793408	0.744589	-2.428317	0.630456	0.474282	-0.254250	0.717221	-0.677670	0.162353	-0.224896	0.088360	0.064561	30.250362	-35.622696	28.557564	1.000000	75008.221704		
2013092723104938500	CMDevMotMag	2013-09-27 23:10:49.385	R	22A7CFE3-2413-41D2-80F8-C693F17141F9		-86.777954	134.070679	-144.383820	0.000000	75008.260471		
2013092723104938600	CMGyro	2013-09-27 23:10:49.385	R	22A7CFE3-2413-41D2-80F8-C693F17141F9		0.619521	0.526197	-0.332152	75008.252968		
2013092723104940100	CMDevMot	2013-09-27 23:10:49.400	R	22A7CFE3-2413-41D2-80F8-C693F17141F9		0.604946	0.476854	-0.637691	-0.336870	-0.572386	-0.747592	-0.721497	0.667072	-0.185625	0.768596	0.045532	-0.442101	0.460145	1.822613	0.730271	-2.446993	0.502597	0.536863	-0.364507	0.721497	-0.667072	0.185625	-0.123338	0.090290	0.068846	30.157505	-35.248428	29.114756	1.000000	75008.252968		
2013092723104941200	Heading	2013-09-27 23:10:49.412	R	22A7CFE3-2413-41D2-80F8-C693F17141F9		224.165756	224.342606	35.000000	34.662003	-29.835098	26.959671	20130927231049410		
2013092723104941700	CMGyro	2013-09-27 23:10:49.417	R	22A7CFE3-2413-41D2-80F8-C693F17141F9		0.529902	0.279696	-0.363259	75008.284231		
2013092723104942400	CMDevMotMag	2013-09-27 23:10:49.423	R	22A7CFE3-2413-41D2-80F8-C693F17141F9		-86.609787	135.243790	-141.922729	0.000000	75008.299265		
2013092723104943300	CMDevMot	2013-09-27 23:10:49.432	R	22A7CFE3-2413-41D2-80F8-C693F17141F9		0.609082	0.476214	-0.634223	-0.317807	-0.586113	-0.745299	-0.726648	0.655509	-0.205647	0.774733	0.051117	-0.439142	0.452030	1.846592	0.714857	-2.459279	0.412980	0.290362	-0.395613	0.726648	-0.655509	0.205647	0.137534	0.204108	0.017467	30.035458	-34.429016	30.201151	1.000000	75008.284231		
2013092723104944800	CMGyro	2013-09-27 23:10:49.447	R	22A7CFE3-2413-41D2-80F8-C693F17141F9		0.477526	0.623907	-0.193969	75008.315495		
2013092723104946300	CMDevMotMag	2013-09-27 23:10:49.463	R	22A7CFE3-2413-41D2-80F8-C693F17141F9		-85.096222	136.081741	-140.774231	0.000000	75008.338075		
2013092723104946400	CMDevMot	2013-09-27 23:10:49.463	R	22A7CFE3-2413-41D2-80F8-C693F17141F9		0.613833	0.475590	-0.630098	-0.300456	-0.597350	-0.743572	-0.730024	0.645746	-0.223779	0.780218	0.056117	-0.435815	0.445170	1.868239	0.701999	-2.469193	0.360604	0.634572	-0.226323	0.730024	-0.645746	0.223779	0.204409	0.122537	-0.006677	29.993435	-33.312843	31.468132	1.000000	75008.315495		
2013092723104946400	Heading	2013-09-27 23:10:49.464	R	22A7CFE3-2413-41D2-80F8-C693F17141F9		225.587997	225.764847	35.000000	34.594734	-28.360321	28.009720	20130927231049462		
2013092723104947900	CMGyro	2013-09-27 23:10:49.479	R	22A7CFE3-2413-41D2-80F8-C693F17141F9		-0.324593	-0.072342	0.474597	75008.346759		
2013092723104949500	CMDevMot	2013-09-27 23:10:49.494	R	22A7CFE3-2413-41D2-80F8-C693F17141F9		0.620131	0.470897	-0.627451	-0.300711	-0.596036	-0.744523	-0.724576	0.650383	-0.228016	0.781694	0.054428	-0.432403	0.446116	1.875674	0.708088	-2.472950	-0.441514	-0.061677	0.442243	0.724576	-0.650383	0.228016	0.158679	0.289253	0.259914	29.632313	-32.884315	32.251247	1.000000	75008.346759		
2013092723104950100	CMDevMotMag	2013-09-27 23:10:49.501	R	22A7CFE3-2413-41D2-80F8-C693F17141F9		-85.937088	132.562378	-142.250870	0.000000	75008.376930		
2013092723104951000	CMGyro	2013-09-27 23:10:49.510	R	22A7CFE3-2413-41D2-80F8-C693F17141F9		-0.423433	0.224706	0.334691	75008.378023		
2013092723104952600	CMDevMot	2013-09-27 23:10:49.526	R	22A7CFE3-2413-41D2-80F8-C693F17141F9		0.628866	0.474448	-0.615976	-0.304385	-0.578777	-0.756550	-0.715456	0.663262	-0.219558	0.778974	0.054579	-0.427304	0.455667	1.868551	0.725169	-2.454928	-0.540353	0.235372	0.302337	0.715456	-0.663262	0.219558	-0.139498	0.202599	0.077745	29.183664	-33.678719	31.837917	1.000000	75008.378023		
2013092723104954100	CMDevMotMag	2013-09-27 23:10:49.540	R	22A7CFE3-2413-41D2-80F8-C693F17141F9		-87.787003	132.729965	-143.071243	0.000000	75008.415778		
2013092723104954100	CMGyro	2013-09-27 23:10:49.541	R	22A7CFE3-2413-41D2-80F8-C693F17141F9		-0.321804	0.184577	0.307693	75008.409287		
2013092723104954300	Heading	2013-09-27 23:10:49.543	R	22A7CFE3-2413-41D2-80F8-C693F17141F9		223.820084	223.996933	35.000000	33.787498	-29.064178	28.469116	20130927231049540		
2013092723104955700	CMDevMot	2013-09-27 23:10:49.557	R	22A7CFE3-2413-41D2-80F8-C693F17141F9		0.637253	0.478440	-0.604156	-0.303508	-0.564787	-0.767397	-0.708373	0.672392	-0.214702	0.777294	0.056263	-0.422147	0.463078	1.865087	0.737436	-2.438776	-0.438724	0.195242	0.275339	0.708373	-0.672392	0.214702	-0.060561	0.245283	0.079213	28.891235	-34.112476	31.642231	1.000000	75008.409287		
2013092723104956900	Heading	2013-09-27 23:10:49.569	R	22A7CFE3-2413-41D2-80F8-C693F17141F9		222.744690	222.921539	35.000000	33.619324	-29.633972	28.108154	20130927231049567		
2013092723104957300	CMGyro	2013-09-27 23:10:49.572	R	22A7CFE3-2413-41D2-80F8-C693F17141F9		-0.198127	0.018550	0.259823	75008.440550		
2013092723104957800	CMDevMotMag	2013-09-27 23:10:49.578	R	22A7CFE3-2413-41D2-80F8-C693F17141F9		-86.441605	132.059616	-143.727524	0.000000	75008.454296		
2013092723104958800	CMDevMot	2013-09-27 23:10:49.588	R	22A7CFE3-2413-41D2-80F8-C693F17141F9		0.643086	0.480208	-0.596523	-0.305655	-0.553267	-0.774901	-0.702150	0.680659	-0.209020	0.775463	0.056274	-0.418677	0.469255	1.860129	0.748661	-2.426769	-0.315046	0.029215	0.227470	0.702150	-0.680658	0.209020	-0.050951	0.249033	0.044169	28.377108	-34.822800	31.332214	1.000000	75008.440550		
