2013101621024021800	Event	Test Begin	Default Test	2013-10-16 21:02:40.208	R	2D19B442-830F-47C2-B65E-ABED2A9906EC	ApioTest version 1.07		
2013101621024021800	Config	Local Default		DevMotRate	32.0	MagnetometerRate	32.0	LocDistanceFilter	20	AccelerometerRate	32.0	GyroRate	32.0		
2013101621024021800	Customer	2D19B442-830F-47C2-B65E-ABED2A9906EC	Casey	Powell	6122750516	powell@augsburg.edu		
2013101621024021800	Vehicle	Oldsmobile	Alero	2002	gold			
2013101621024021800	Event	Text	Default Test	2013-10-16 21:02:40.207	R	2D19B442-830F-47C2-B65E-ABED2A9906EC	Driver		
2013101621024029000	CMGyro	2013-10-16 21:02:40.290	R	2D19B442-830F-47C2-B65E-ABED2A9906EC		-0.224837	-0.291607	-0.005683	535180.099262		
2013101621024033000	CMDevMot	2013-10-16 21:02:40.329	R	2D19B442-830F-47C2-B65E-ABED2A9906EC		0.993818	0.031972	0.106315	0.031317	0.838009	-0.544758	-0.106510	0.544720	0.831827	0.284597	0.055595	-0.000171	0.957034	0.127351	0.576055	-0.038134	-0.129017	-0.131789	-0.036314	0.106510	-0.544720	-0.831827	0.003460	-0.015812	-0.022772	0.000000	0.000000	0.000000	-1.000000	535180.115045		
2013101621024033000	CMGyro	2013-10-16 21:02:40.330	R	2D19B442-830F-47C2-B65E-ABED2A9906EC		-0.151029	0.023593	-0.116237	535180.130828		
2013101621024036200	CMDevMot	2013-10-16 21:02:40.362	R	2D19B442-830F-47C2-B65E-ABED2A9906EC		0.993701	0.035143	0.106411	0.028233	0.840422	-0.541196	-0.108449	0.540791	0.834136	0.282463	0.056091	-0.001804	0.957635	0.129289	0.571378	-0.041791	-0.164090	0.039435	-0.136590	0.108449	-0.540791	-0.834136	0.032725	-0.027522	0.016052	0.000000	0.000000	0.000000	-1.000000	535180.146611		
2013101621024036200	CMGyro	2013-10-16 21:02:40.362	R	2D19B442-830F-47C2-B65E-ABED2A9906EC		-0.174216	0.081279	-0.126575	535180.162394		
2013101621024036900	CMDevMotMag	2013-10-16 21:02:40.369	R	2D19B442-830F-47C2-B65E-ABED2A9906EC		-126.501678	-63.944336	-243.604919	0.000000	535180.186055		
2013101621024037900	Location	2013-10-16 21:02:40.379	R	2D19B442-830F-47C2-B65E-ABED2A9906EC		44.964798	-93.242715	255.774075	5.000000	3.000000	0.000000	129.023438	20131016210240269		
2013101621024038500	CMDevMot	2013-10-16 21:02:40.385	R	2D19B442-830F-47C2-B65E-ABED2A9906EC		0.993420	0.038899	0.107720	0.025308	0.842746	-0.537716	-0.111698	0.536904	0.836216	0.280383	0.057249	-0.003546	0.958173	0.132789	0.566763	-0.046125	-0.085109	-0.016350	-0.123994	0.111698	-0.536904	-0.836216	0.058331	-0.008155	0.004292	0.000000	0.000000	0.000000	-1.000000	535180.178177		
2013101621024038600	CMGyro	2013-10-16 21:02:40.385	R	2D19B442-830F-47C2-B65E-ABED2A9906EC		-0.026895	-0.145080	-0.066372	535180.193960		
2013101621024041500	CMDevMotMag	2013-10-16 21:02:40.413	R	2D19B442-830F-47C2-B65E-ABED2A9906EC		-127.009720	-63.773819	-243.439087	0.000000	535180.224812		
2013101621024041700	CMDevMot	2013-10-16 21:02:40.417	R	2D19B442-830F-47C2-B65E-ABED2A9906EC		0.993943	0.041310	0.101838	0.020113	0.842633	-0.538113	-0.108041	0.536901	0.836698	0.280451	0.054754	-0.005530	0.958289	0.128417	0.566760	-0.048986	0.058110	-0.302576	-0.059916	0.108041	-0.536901	-0.836698	0.038153	-0.008387	0.028639	0.000000	0.000000	0.000000	-1.000000	535180.209743		
2013101621024041700	CMGyro	2013-10-16 21:02:40.417	R	2D19B442-830F-47C2-B65E-ABED2A9906EC		0.039470	-0.351693	-0.040595	535180.225525		
2013101621024045200	CMDevMotMag	2013-10-16 21:02:40.452	R	2D19B442-830F-47C2-B65E-ABED2A9906EC		-126.501678	-63.262268	-243.936569	0.000000	535180.263779		
2013101621024046600	CMDevMot	2013-10-16 21:02:40.466	R	2D19B442-830F-47C2-B65E-ABED2A9906EC		0.994992	0.043115	0.090175	0.012435	0.841777	-0.539682	-0.099175	0.538101	0.837026	0.281154	0.049395	-0.008003	0.958357	0.117936	0.568182	-0.051174	0.016177	-0.377712	-0.062874	0.099175	-0.538101	-0.837026	-0.014611	-0.011155	0.054829	0.000000	0.000000	0.000000	-1.000000	535180.241308		
2013101621024046700	CMGyro	2013-10-16 21:02:40.467	R	2D19B442-830F-47C2-B65E-ABED2A9906EC		-0.079030	-0.263454	-0.109177	535180.257091		
2013101621024048000	CMDevMot	2013-10-16 21:02:40.480	R	2D19B442-830F-47C2-B65E-ABED2A9906EC		0.995803	0.045323	0.079516	0.004887	0.841217	-0.540676	-0.091395	0.538796	0.837464	0.281568	0.044580	-0.010547	0.958447	0.108703	0.569007	-0.053826	-0.090105	-0.208160	-0.140799	0.091395	-0.538796	-0.837464	-0.014399	0.002541	0.005494	0.000000	0.000000	0.000000	-1.000000	535180.272874		
2013101621024048100	CMGyro	2013-10-16 21:02:40.480	R	2D19B442-830F-47C2-B65E-ABED2A9906EC		-0.101208	-0.189031	-0.126384	535180.288657		
2013101621024048600	CMDevMotMag	2013-10-16 21:02:40.486	R	2D19B442-830F-47C2-B65E-ABED2A9906EC		-127.009720	-63.432785	-242.112442	0.000000	535180.302253		
2013101621024051200	CMDevMot	2013-10-16 21:02:40.512	R	2D19B442-830F-47C2-B65E-ABED2A9906EC		0.996123	0.049447	0.072764	-0.002618	0.843398	-0.537282	-0.087936	0.535009	0.840258	0.279494	0.041887	-0.013571	0.959137	0.104274	0.564518	-0.058561	0.032071	-0.312044	-0.090086	0.087936	-0.535009	-0.840258	0.027848	-0.005381	-0.041243	0.000000	0.000000	0.000000	-1.000000	535180.304440		
2013101621024051300	CMGyro	2013-10-16 21:02:40.512	R	2D19B442-830F-47C2-B65E-ABED2A9906EC		0.142763	-0.349074	-0.049281	535180.320223		
2013101621024052400	CMDevMotMag	2013-10-16 21:02:40.524	R	2D19B442-830F-47C2-B65E-ABED2A9906EC		-128.025787	-65.137970	-246.092377	0.000000	535180.340981		
2013101621024054400	CMDevMot	2013-10-16 21:02:40.544	R	2D19B442-830F-47C2-B65E-ABED2A9906EC		0.996673	0.052772	0.062111	-0.010845	0.841174	-0.540656	-0.080778	0.538183	0.838948	0.281314	0.037259	-0.016589	0.958749	0.095989	0.568280	-0.062653	0.283960	-0.435170	-0.049075	0.080778	-0.538183	-0.838948	0.025485	0.012045	-0.021617	0.000000	0.000000	0.000000	-1.000000	535180.336006		
2013101621024054400	CMGyro	2013-10-16 21:02:40.544	R	2D19B442-830F-47C2-B65E-ABED2A9906EC		0.256967	-0.366918	-0.055662	535180.351788		
2013101621024056500	CMDevMotMag	2013-10-16 21:02:40.564	R	2D19B442-830F-47C2-B65E-ABED2A9906EC		-127.687103	-62.750717	-242.775757	0.000000	535180.380373		
2013101621024057800	CMDevMot	2013-10-16 21:02:40.577	R	2D19B442-830F-47C2-B65E-ABED2A9906EC		0.997172	0.055635	0.050533	-0.018922	0.836527	-0.547599	-0.072738	0.545094	0.835213	0.285233	0.032178	-0.019462	0.957720	0.086870	0.576501	-0.066409	0.222517	-0.243134	-0.106931	0.072738	-0.545094	-0.835214	0.005052	-0.016887	0.052422	0.000000	0.000000	0.000000	-1.000000	535180.367571		
2013101621024057800	CMGyro	2013-10-16 21:02:40.578	R	2D19B442-830F-47C2-B65E-ABED2A9906EC		0.089527	-0.146431	-0.129349	535180.383354		
2013101621024060900	CMDevMotMag	2013-10-16 21:02:40.608	R	2D19B442-830F-47C2-B65E-ABED2A9906EC		-126.840363	-64.285370	-242.941589	0.000000	535180.418956		
2013101621024060900	CMDevMot	2013-10-16 21:02:40.609	R	2D19B442-830F-47C2-B65E-ABED2A9906EC		0.997140	0.060490	0.045311	-0.025190	0.831235	-0.555351	-0.071257	0.552621	0.830381	0.289622	0.030471	-0.022397	0.956394	0.085603	0.585506	-0.072643	0.095671	-0.148836	-0.177958	0.071257	-0.552621	-0.830381	0.035768	-0.054999	0.037382	0.000000	0.000000	0.000000	-1.000000	535180.399137		
2013101621024060900	CMGyro	2013-10-16 21:02:40.609	R	2D19B442-830F-47C2-B65E-ABED2A9906EC		0.014377	-0.328583	-0.271736	535180.414920		
2013101621024063900	CMDevMot	2013-10-16 21:02:40.639	R	2D19B442-830F-47C2-B65E-ABED2A9906EC		0.996852	0.071485	0.034289	-0.040266	0.829036	-0.557744	-0.068297	0.554607	0.829305	0.290909	0.026829	-0.029226	0.955928	0.082169	0.587891	-0.086014	-0.224683	-0.709104	-0.416390	0.068297	-0.554607	-0.829305	-0.007506	0.033703	-0.005671	0.000000	0.000000	0.000000	-1.000000	535180.430703		
2013101621024063900	CMGyro	2013-10-16 21:02:40.639	R	2D19B442-830F-47C2-B65E-ABED2A9906EC		-0.565368	-0.848934	-0.418564	535180.446486		
2013101621024064100	CMDevMotMag	2013-10-16 21:02:40.641	R	2D19B442-830F-47C2-B65E-ABED2A9906EC		-128.364487	-63.091751	-244.102402	0.000000	535180.457894		
2013101621024067300	CMDevMot	2013-10-16 21:02:40.670	R	2D19B442-830F-47C2-B65E-ABED2A9906EC		0.996473	0.083404	0.009219	-0.065108	0.837800	-0.542082	-0.052936	0.539570	0.840275	0.282134	0.016212	-0.038737	0.958455	0.062915	0.569926	-0.099224	-0.665611	-0.791980	-0.285990	0.052936	-0.539570	-0.840275	0.020840	0.066502	-0.139675	0.000000	0.000000	0.000000	-1.000000	535180.462269		
2013101621024067400	CMGyro	2013-10-16 21:02:40.674	R	2D19B442-830F-47C2-B65E-ABED2A9906EC		-0.641768	-0.710727	-0.228668	535180.478052		
2013101621024068100	CMDevMotMag	2013-10-16 21:02:40.680	R	2D19B442-830F-47C2-B65E-ABED2A9906EC		-130.227295	-62.580200	-244.268234	0.000000	535180.496792		
2013101621024070300	CMDevMot	2013-10-16 21:02:40.702	R	2D19B442-830F-47C2-B65E-ABED2A9906EC		0.995883	0.089809	-0.012322	-0.082850	0.846578	-0.525778	-0.036788	0.524634	0.850533	0.273300	0.006366	-0.044923	0.960858	0.043226	0.552285	-0.105689	-0.348212	-0.718594	-0.123900	0.036788	-0.524634	-0.850533	-0.046462	0.095679	-0.152885	0.000000	0.000000	0.000000	-1.000000	535180.493835		
2013101621024070300	CMGyro	2013-10-16 21:02:40.703	R	2D19B442-830F-47C2-B65E-ABED2A9906EC		-0.068775	-0.770357	-0.081290	535180.509618		
2013101621024072300	CMDevMotMag	2013-10-16 21:02:40.723	R	2D19B442-830F-47C2-B65E-ABED2A9906EC		-131.412720	-62.068634	-245.760712	0.000000	535180.535485		
2013101621024073400	CMDevMot	2013-10-16 21:02:40.733	R	2D19B442-830F-47C2-B65E-ABED2A9906EC		0.994940	0.093092	-0.037797	-0.099076	0.846508	-0.523075	-0.016699	0.524173	0.851448	0.272481	-0.005490	-0.050000	0.960845	0.019609	0.551744	-0.109532	0.184486	-0.888855	-0.133897	0.016699	-0.524173	-0.851448	-0.080145	0.095859	-0.111519	0.000000	0.000000	0.000000	-1.000000	535180.525401		
2013101621024073400	CMGyro	2013-10-16 21:02:40.734	R	2D19B442-830F-47C2-B65E-ABED2A9906EC		0.313084	-0.824803	-0.219340	535180.541184		
2013101621024075800	CMDevMotMag	2013-10-16 21:02:40.757	R	2D19B442-830F-47C2-B65E-ABED2A9906EC		-131.582062	-63.262268	-246.258194	0.000000	535180.574321		
2013101621024076500	CMDevMot	2013-10-16 21:02:40.765	R	2D19B442-830F-47C2-B65E-ABED2A9906EC		0.992912	0.099499	-0.065012	-0.118839	0.840053	-0.529328	0.001946	0.533302	0.845923	0.277009	-0.017455	-0.056917	0.959021	-0.002301	0.562499	-0.117894	0.456304	-0.762538	-0.271639	-0.001946	-0.533302	-0.845923	-0.052100	0.131981	-0.050730	0.000000	0.000000	0.000000	-1.000000	535180.556966		
2013101621024076600	CMGyro	2013-10-16 21:02:40.766	R	2D19B442-830F-47C2-B65E-ABED2A9906EC		0.519006	-0.648312	-0.264087	535180.572749		
2013101621024079700	CMDevMotMag	2013-10-16 21:02:40.796	R	2D19B442-830F-47C2-B65E-ABED2A9906EC		-133.783569	-64.455902	-247.087357	0.000000	535180.613275		
2013101621024081300	CMDevMot	2013-10-16 21:02:40.812	R	2D19B442-830F-47C2-B65E-ABED2A9906EC		0.990480	0.106351	-0.087406	-0.136842	0.829769	-0.541071	0.014983	0.547881	0.836422	0.284732	-0.026772	-0.063589	0.956121	-0.017911	0.579829	-0.127475	0.588579	-0.587432	-0.243166	-0.014983	-0.547881	-0.836422	-0.029008	0.121336	0.027646	11.095454	-8.149954	-39.305687	2.000000	535180.588532		
2013101621024081300	CMGyro	2013-10-16 21:02:40.813	R	2D19B442-830F-47C2-B65E-ABED2A9906EC		0.372438	-0.488234	-0.400953	535180.625358		
2013101621024082300	Heading	2013-10-16 21:02:40.823	R	2D19B442-830F-47C2-B65E-ABED2A9906EC		321.450958	321.871033	20.000000	16.270203	-5.452843	-43.204117	20131016210240822		
2013101621024083500	CMDevMotMag	2013-10-16 21:02:40.835	R	2D19B442-830F-47C2-B65E-ABED2A9906EC		-134.968994	-64.285370	-245.594879	0.000000	535180.652187		
2013101621024084300	CMDevMot	2013-10-16 21:02:40.843	R	2D19B442-830F-47C2-B65E-ABED2A9906EC		0.987488	0.118044	-0.104565	-0.156282	0.821160	-0.548882	0.021072	0.558356	0.829334	0.290256	-0.032935	-0.071913	0.953675	-0.025403	0.592403	-0.142774	0.179825	-0.443908	-0.582981	-0.021072	-0.558356	-0.829334	-0.096344	0.112372	0.148334	10.747474	-8.466979	-39.335358	2.000000	535180.641141		
2013101621024084300	CMGyro	2013-10-16 21:02:40.843	R	2D19B442-830F-47C2-B65E-ABED2A9906EC		-0.090972	-0.343979	-0.690852	535180.656924		
2013101621024088200	CMDevMot	2013-10-16 21:02:40.881	R	2D19B442-830F-47C2-B65E-ABED2A9906EC		0.983492	0.139909	-0.114754	-0.180075	0.819039	-0.544746	0.017773	0.556418	0.830712	0.288852	-0.034764	-0.083936	0.953053	-0.021392	0.590069	-0.169187	-0.250987	-0.245322	-0.724679	-0.017773	-0.556418	-0.830712	-0.020649	0.131674	0.097314	10.231843	-8.814465	-39.396481	2.000000	535180.672707		
2013101621024088200	CMGyro	2013-10-16 21:02:40.882	R	2D19B442-830F-47C2-B65E-ABED2A9906EC		-0.357768	-0.052858	-0.716915	535180.688490		
2013101621024088300	CMDevMotMag	2013-10-16 21:02:40.883	R	2D19B442-830F-47C2-B65E-ABED2A9906EC		-135.138336	-62.750717	-245.760712	0.000000	535180.691127		
2013101621024088300	Heading	2013-10-16 21:02:40.883	R	2D19B442-830F-47C2-B65E-ABED2A9906EC		322.989899	323.409973	20.000000	15.841187	-5.054962	-43.193054	20131016210240880		
2013101621024090700	CMDevMot	2013-10-16 21:02:40.907	R	2D19B442-830F-47C2-B65E-ABED2A9906EC		0.979847	0.162922	-0.115566	-0.199603	0.820631	-0.535465	0.007598	0.547741	0.836613	0.283991	-0.032291	-0.095045	0.953558	-0.009082	0.579662	-0.195984	-0.249940	-0.018498	-0.655353	-0.007598	-0.547741	-0.836613	0.001174	0.133038	-0.043865	10.013484	-8.172331	-39.590546	2.000000	535180.704272		
2013101621024090700	CMGyro	2013-10-16 21:02:40.907	R	2D19B442-830F-47C2-B65E-ABED2A9906EC		-0.080265	0.084541	-0.526305	535180.720055		
2013101621024091400	CMDevMotMag	2013-10-16 21:02:40.914	R	2D19B442-830F-47C2-B65E-ABED2A9906EC		-133.275528	-61.898117	-246.589859	0.000000	535180.730713		
2013101621024093000	Heading	2013-10-16 21:02:40.929	R	2D19B442-830F-47C2-B65E-ABED2A9906EC		324.616608	325.036682	20.000000	15.400879	-4.645721	-43.027237	20131016210240927		
2013101621024094100	CMDevMot	2013-10-16 21:02:40.941	R	2D19B442-830F-47C2-B65E-ABED2A9906EC		0.977150	0.182323	-0.109252	-0.212450	0.821958	-0.528442	-0.006547	0.539577	0.841911	0.279858	-0.026912	-0.103444	0.954073	0.007776	0.569935	-0.218282	0.082090	0.006008	-0.424979	0.006547	-0.539577	-0.841911	0.063415	0.091854	-0.097222	10.171478	-7.668324	-39.651051	2.000000	535180.735838		
2013101621024094200	CMGyro	2013-10-16 21:02:40.941	R	2D19B442-830F-47C2-B65E-ABED2A9906EC		0.092364	-0.183109	-0.277837	535180.751621		
2013101621024095300	CMDevMotMag	2013-10-16 21:02:40.953	R	2D19B442-830F-47C2-B65E-ABED2A9906EC		-133.614212	-62.921234	-246.258194	0.000000	535180.769268		
2013101621024097000	CMDevMot	2013-10-16 21:02:40.969	R	2D19B442-830F-47C2-B65E-ABED2A9906EC		0.974961	0.189637	-0.116145	-0.222310	0.818269	-0.530108	-0.005490	0.542655	0.839938	0.281405	-0.029027	-0.108061	0.953043	0.006536	0.573595	-0.227733	0.126587	-0.275732	-0.106849	0.005490	-0.542655	-0.839938	0.056171	0.034583	-0.101423	10.409732	-7.254967	-39.667000	2.000000	535180.767404		
2013101621024097000	CMGyro	2013-10-16 21:02:40.970	R	2D19B442-830F-47C2-B65E-ABED2A9906EC		0.146937	-0.188349	-0.012742	535180.783187		
2013101621024098100	Heading	2013-10-16 21:02:40.981	R	2D19B442-830F-47C2-B65E-ABED2A9906EC		326.092194	326.512268	20.000000	15.519440	-3.776073	-43.242813	20131016210240979		
2013101621024099200	CMDevMotMag	2013-10-16 21:02:40.991	R	2D19B442-830F-47C2-B65E-ABED2A9906EC		-134.460953	-62.409683	-244.434067	0.000000	535180.808310		
2013101621024100100	CMDevMot	2013-10-16 21:02:41.001	R	2D19B442-830F-47C2-B65E-ABED2A9906EC		0.974069	0.191301	-0.120804	-0.226239	0.817984	-0.528884	-0.002360	0.542500	0.840052	0.281084	-0.031074	-0.109544	0.952904	0.002810	0.573411	-0.229739	0.240764	-0.084691	-0.042993	0.002360	-0.542500	-0.840052	-0.035380	0.033742	-0.075811	10.215278	-7.320769	-39.705444	2.000000	535180.798970		
2013101621024100100	CMGyro	2013-10-16 21:02:41.001	R	2D19B442-830F-47C2-B65E-ABED2A9906EC		0.259967	0.013944	-0.101538	535180.814753		
2013101621024103000	CMDevMotMag	2013-10-16 21:02:41.030	R	2D19B442-830F-47C2-B65E-ABED2A9906EC		-134.968994	-61.216049	-247.253189	0.000000	535180.847242		
2013101621024103300	CMDevMot	2013-10-16 21:02:41.032	R	2D19B442-830F-47C2-B65E-ABED2A9906EC		0.973384	0.193380	-0.122998	-0.229163	0.814262	-0.533349	-0.002986	0.547340	0.836905	0.283821	-0.031519	-0.110972	0.951913	0.003568	0.579183	-0.233172	0.310084	-0.018609	-0.127290	0.002986	-0.547340	-0.836905	0.003514	0.036842	-0.027597	10.027533	-7.455025	-39.728317	2.000000	535180.830536		
2013101621024103300	CMGyro	2013-10-16 21:02:41.033	R	2D19B442-830F-47C2-B65E-ABED2A9906EC		0.294771	-0.019894	-0.094221	535180.846319		
2013101621024106500	CMDevMot	2013-10-16 21:02:41.064	R	2D19B442-830F-47C2-B65E-ABED2A9906EC		0.972699	0.195935	-0.124366	-0.232020	0.809753	-0.538950	-0.004893	0.553091	0.833106	0.287158	-0.031416	-0.112533	0.950731	0.005874	0.586070	-0.237405	0.381234	-0.018797	-0.035956	0.004893	-0.553091	-0.833106	0.017735	0.071096	0.010642	10.002794	-7.678845	-39.691906	2.000000	535180.862102		
2013101621024106500	CMGyro	2013-10-16 21:02:41.065	R	2D19B442-830F-47C2-B65E-ABED2A9906EC		0.436266	0.067062	0.065928	535180.877884		
2013101621024106900	CMDevMotMag	2013-10-16 21:02:41.069	R	2D19B442-830F-47C2-B65E-ABED2A9906EC		-133.444870	-63.773819	-246.424026	0.000000	535180.885807		
2013101621024109700	CMDevMot	2013-10-16 21:02:41.096	R	2D19B442-830F-47C2-B65E-ABED2A9906EC		0.973505	0.191574	-0.124852	-0.228598	0.801938	-0.551940	-0.005614	0.565857	0.824484	0.294569	-0.031422	-0.110726	0.948674	0.006809	0.601473	-0.234494	0.580701	0.196025	0.157758	0.005614	-0.565857	-0.824484	-0.027739	0.090256	0.023733	10.048004	-8.011231	-39.614716	2.000000	535180.893667		
2013101621024109700	CMGyro	2013-10-16 21:02:41.097	R	2D19B442-830F-47C2-B65E-ABED2A9906EC		0.571156	0.326408	0.173731	535180.909450		
2013101621024110900	CMDevMotMag	2013-10-16 21:02:41.109	R	2D19B442-830F-47C2-B65E-ABED2A9906EC		-132.428787	-66.161072	-244.102402	0.000000	535180.924707		
2013101621024112800	CMDevMot	2013-10-16 21:02:41.128	R	2D19B442-830F-47C2-B65E-ABED2A9906EC		0.975557	0.184502	-0.119359	-0.219510	0.793089	-0.568177	-0.010167	0.580490	0.814204	0.303424	-0.028843	-0.106721	0.946421	0.012487	0.619330	-0.228572	0.553959	0.362556	0.097857	0.010167	-0.580490	-0.814204	-0.047063	0.055175	0.100993	10.120327	-8.371323	-39.521740	2.000000	535180.925233		
2013101621024112900	CMGyro	2013-10-16 21:02:41.129	R	2D19B442-830F-47C2-B65E-ABED2A9906EC		0.433215	0.456585	0.066247	535180.941016		
2013101621024114700	CMDevMotMag	2013-10-16 21:02:41.147	R	2D19B442-830F-47C2-B65E-ABED2A9906EC		-132.767487	-66.161072	-243.770752	0.000000	535180.963649		
2013101621024116100	CMDevMot	2013-10-16 21:02:41.160	R	2D19B442-830F-47C2-B65E-ABED2A9906EC		0.977596	0.180276	-0.108660	-0.209574	0.785505	-0.582289	-0.019620	0.592016	0.805688	0.310807	-0.023566	-0.103183	0.944562	0.024347	0.633558	-0.225596	0.371231	0.456577	0.115796	0.019620	-0.592016	-0.805687	-0.005002	0.051580	0.112755	10.433796	-9.124634	-39.272701	2.000000	535180.956799		
2013101621024116100	CMGyro	2013-10-16 21:02:41.161	R	2D19B442-830F-47C2-B65E-ABED2A9906EC		0.222669	0.374049	0.203346	535180.972582		
2013101621024116200	Heading	2013-10-16 21:02:41.161	R	2D19B442-830F-47C2-B65E-ABED2A9906EC		324.747070	325.167145	20.000000	16.162918	-6.470253	-41.949356	20131016210241160		
2013101621024118700	CMDevMotMag	2013-10-16 21:02:41.186	R	2D19B442-830F-47C2-B65E-ABED2A9906EC		-131.582062	-66.672638	-244.599899	0.000000	535181.002531		
2013101621024118800	Heading	2013-10-16 21:02:41.187	R	2D19B442-830F-47C2-B65E-ABED2A9906EC		323.569550	323.989624	20.000000	16.823364	-7.101166	-41.733780	20131016210241186		
2013101621024119000	CMDevMot	2013-10-16 21:02:41.190	R	2D19B442-830F-47C2-B65E-ABED2A9906EC		0.979762	0.173354	-0.100075	-0.198726	0.782539	-0.590034	-0.023972	0.597981	0.801152	0.314671	-0.020158	-0.098553	0.943856	0.029913	0.640980	-0.218006	0.134196	0.189652	0.238132	0.023972	-0.597981	-0.801152	-0.014313	0.019062	0.075459	11.159179	-9.917528	-38.879086	2.000000	535180.988365		
2013101621024119000	CMGyro	2013-10-16 21:02:41.190	R	2D19B442-830F-47C2-B65E-ABED2A9906EC		0.016352	0.125551	0.225821	535181.004148		
2013101621024121400	Heading	2013-10-16 21:02:41.214	R	2D19B442-830F-47C2-B65E-ABED2A9906EC		322.564209	322.984283	20.000000	17.060471	-7.851448	-41.269470	20131016210241213		
2013101621024122300	CMDevMot	2013-10-16 21:02:41.222	R	2D19B442-830F-47C2-B65E-ABED2A9906EC		0.981254	0.164591	-0.100247	-0.191754	0.781951	-0.593113	-0.019233	0.601217	0.798854	0.316405	-0.021462	-0.094404	0.943671	0.024071	0.645024	-0.207459	0.019130	0.077474	0.132681	0.019233	-0.601217	-0.798854	-0.056327	0.013235	0.051143	11.176578	-10.260880	-38.784874	2.000000	535181.019931		
2013101621024122300	CMGyro	2013-10-16 21:02:41.223	R	2D19B442-830F-47C2-B65E-ABED2A9906EC		0.000376	0.072191	0.061363	535181.035713		
2013101621024122400	CMDevMotMag	2013-10-16 21:02:41.224	R	2D19B442-830F-47C2-B65E-ABED2A9906EC		-132.428787	-65.820038	-244.434067	0.000000	535181.041260		
2013101621024125400	CMDevMot	2013-10-16 21:02:41.253	R	2D19B442-830F-47C2-B65E-ABED2A9906EC		0.981659	0.162130	-0.100296	-0.189837	0.782917	-0.592455	-0.017531	0.600629	0.799336	0.315993	-0.021921	-0.093220	0.943916	0.021929	0.644288	-0.204198	0.047154	0.013056	0.003277	0.017531	-0.600629	-0.799336	-0.026091	0.028485	-0.000851	11.225644	-10.328288	-38.752796	2.000000	535181.051496		
2013101621024125400	CMGyro	2013-10-16 21:02:41.254	R	2D19B442-830F-47C2-B65E-ABED2A9906EC		0.039185	0.109855	-0.009667	535181.067279		
2013101621024126400	CMDevMotMag	2013-10-16 21:02:41.263	R	2D19B442-830F-47C2-B65E-ABED2A9906EC		-131.751404	-65.479004	-243.439087	0.000000	535181.080269		
2013101621024126500	Heading	2013-10-16 21:02:41.264	R	2D19B442-830F-47C2-B65E-ABED2A9906EC		320.764984	321.185059	20.000000	17.551559	-8.107224	-40.954391	20131016210241263		
2013101621024128500	CMDevMot	2013-10-16 21:02:41.285	R	2D19B442-830F-47C2-B65E-ABED2A9906EC		0.981938	0.162459	-0.096976	-0.188048	0.781512	-0.594875	-0.020855	0.602367	0.797947	0.317206	-0.020168	-0.092866	0.943583	0.026130	0.646463	-0.204959	0.080572	0.217513	-0.033683	0.020855	-0.602367	-0.797947	-0.059811	0.056590	0.029133	11.168913	-10.302424	-38.776070	2.000000	535181.083062		
2013101621024128600	CMGyro	2013-10-16 21:02:41.285	R	2D19B442-830F-47C2-B65E-ABED2A9906EC		0.054650	0.326537	-0.030221	535181.098845		
2013101621024130200	CMDevMotMag	2013-10-16 21:02:41.302	R	2D19B442-830F-47C2-B65E-ABED2A9906EC		-131.412720	-67.184189	-243.439087	0.000000	535181.119130		
2013101621024131700	CMDevMot	2013-10-16 21:02:41.316	R	2D19B442-830F-47C2-B65E-ABED2A9906EC		0.982643	0.161689	-0.090935	-0.183756	0.781228	-0.596587	-0.025421	0.602942	0.797380	0.317819	-0.017358	-0.091527	0.943564	0.031870	0.647183	-0.204086	0.118683	0.312722	-0.083779	0.025421	-0.602942	-0.797380	-0.099945	0.070273	0.039537	11.351346	-10.363437	-38.706772	2.000000	535181.114628		
2013101621024131700	CMGyro	2013-10-16 21:02:41.317	R	2D19B442-830F-47C2-B65E-ABED2A9906EC		0.114740	0.265531	-0.144788	535181.130411		
2013101621024134200	CMDevMotMag	2013-10-16 21:02:41.341	R	2D19B442-830F-47C2-B65E-ABED2A9906EC		-131.920761	-68.377808	-243.273254	0.000000	535181.158006		
2013101621024134300	Heading	2013-10-16 21:02:41.342	R	2D19B442-830F-47C2-B65E-ABED2A9906EC		319.573395	319.993469	20.000000	17.856384	-8.448265	-40.556381	20131016210241341		
2013101621024134800	CMDevMot	2013-10-16 21:02:41.348	R	2D19B442-830F-47C2-B65E-ABED2A9906EC		0.982667	0.163246	-0.087847	-0.183014	0.778796	-0.599986	-0.029531	0.605663	0.795173	0.319647	-0.015461	-0.091802	0.942952	0.037120	0.650599	-0.206622	0.165375	0.168022	-0.160541	0.029531	-0.605663	-0.795173	-0.040242	0.065273	0.056129	11.575472	-10.459636	-38.614407	2.000000	535181.146194		
2013101621024134900	CMGyro	2013-10-16 21:02:41.348	R	2D19B442-830F-47C2-B65E-ABED2A9906EC		0.149615	0.223515	-0.092568	535181.161977		
2013101621024138000	CMDevMot	2013-10-16 21:02:41.379	R	2D19B442-830F-47C2-B65E-ABED2A9906EC		0.982929	0.164232	-0.082939	-0.180603	0.775198	-0.605351	-0.035124	0.609996	0.791625	0.322531	-0.012689	-0.091513	0.942039	0.044341	0.656056	-0.208771	0.180331	0.315910	-0.020892	0.035124	-0.609996	-0.791625	-0.042677	0.032360	0.043807	11.850370	-10.610738	-38.489594	2.000000	535181.177760		
2013101621024138000	CMGyro	2013-10-16 21:02:41.380	R	2D19B442-830F-47C2-B65E-ABED2A9906EC		0.195513	0.475348	0.030048	535181.193543		
2013101621024138100	CMDevMotMag	2013-10-16 21:02:41.380	R	2D19B442-830F-47C2-B65E-ABED2A9906EC		-131.074020	-66.502106	-242.444107	0.000000	535181.196935		
2013101621024141100	CMDevMot	2013-10-16 21:02:41.411	R	2D19B442-830F-47C2-B65E-ABED2A9906EC		0.984200	0.161668	-0.072205	-0.171597	0.770414	-0.614017	-0.043639	0.616706	0.785983	0.327033	-0.007591	-0.088557	0.940824	0.055465	0.664551	-0.206844	0.293286	0.523377	-0.014818	0.043639	-0.616706	-0.785983	-0.086150	0.015250	0.054812	11.961325	-10.723545	-38.423958	2.000000	535181.209325		
2013101621024141200	CMGyro	2013-10-16 21:02:41.412	R	2D19B442-830F-47C2-B65E-ABED2A9906EC		0.212261	0.467583	-0.059759	535181.225108		
2013101621024142100	CMDevMotMag	2013-10-16 21:02:41.421	R	2D19B442-830F-47C2-B65E-ABED2A9906EC		-130.057938	-66.843155	-242.775757	0.000000	535181.235836		
2013101621024146000	CMDevMot	2013-10-16 21:02:41.459	R	2D19B442-830F-47C2-B65E-ABED2A9906EC		0.984705	0.163253	-0.060873	-0.165362	0.765615	-0.621683	-0.054886	0.622240	0.780900	0.330980	-0.001593	-0.087437	0.939577	0.070170	0.671601	-0.210085	0.170233	0.266455	-0.093939	0.054886	-0.622240	-0.780900	-0.030518	-0.017744	0.081971	12.411512	-11.069325	-38.182358	2.000000	535181.240891		
2013101621024146000	CMGyro	2013-10-16 21:02:41.460	R	2D19B442-830F-47C2-B65E-ABED2A9906EC		0.103044	0.245668	-0.058801	535181.256674		
2013101621024146000	CMDevMotMag	2013-10-16 21:02:41.460	R	2D19B442-830F-47C2-B65E-ABED2A9906EC		-128.872528	-67.695740	-243.604919	0.000000	535181.274733		
2013101621024147400	CMDevMot	2013-10-16 21:02:41.473	R	2D19B442-830F-47C2-B65E-ABED2A9906EC		0.984914	0.164134	-0.054812	-0.161767	0.760838	-0.628456	-0.061448	0.627842	0.775911	0.334725	0.001768	-0.086832	0.938305	0.079030	0.678777	-0.212472	0.031297	0.272961	0.003036	0.061448	-0.627842	-0.775912	0.016280	-0.016567	0.186388	13.071743	-11.537968	-37.821594	2.000000	535181.272457		
2013101621024147400	CMGyro	2013-10-16 21:02:41.474	R	2D19B442-830F-47C2-B65E-ABED2A9906EC		-0.264725	-0.009564	0.004378	535181.288240		
2013101621024149700	CMDevMotMag	2013-10-16 21:02:41.497	R	2D19B442-830F-47C2-B65E-ABED2A9906EC		-130.565979	-66.672638	-243.604919	0.000000	535181.313351		
2013101621024150700	CMDevMot	2013-10-16 21:02:41.507	R	2D19B442-830F-47C2-B65E-ABED2A9906EC		0.984827	0.164923	-0.053997	-0.161938	0.761535	-0.627568	-0.062380	0.626790	0.776687	0.334143	0.002233	-0.087071	0.938489	0.080143	0.677427	-0.213273	-0.472985	-0.233583	-0.016759	0.062380	-0.626790	-0.776687	-0.011461	-0.043285	0.089523	13.293642	-11.497314	-37.756573	2.000000	535181.304023		
2013101621024150700	CMGyro	2013-10-16 21:02:41.507	R	2D19B442-830F-47C2-B65E-ABED2A9906EC		-0.512120	-0.188770	-0.098563	535181.319806		
2013101621024155100	CMDevMotMag	2013-10-16 21:02:41.551	R	2D19B442-830F-47C2-B65E-ABED2A9906EC		-129.888596	-67.354706	-244.599899	0.000000	535181.352251		
2013101621024155200	CMDevMot	2013-10-16 21:02:41.551	R	2D19B442-830F-47C2-B65E-ABED2A9906EC		0.983962	0.168465	-0.058644	-0.168504	0.769937	-0.615471	-0.058532	0.615481	0.785975	0.327128	-0.000030	-0.089550	0.940728	0.074334	0.662996	-0.215409	-0.381552	-0.004340	-0.270222	0.058532	-0.615481	-0.785975	-0.079498	-0.043851	-0.039983	13.117716	-11.209394	-37.904392	2.000000	535181.335589		
2013101621024155200	CMGyro	2013-10-16 21:02:41.552	R	2D19B442-830F-47C2-B65E-ABED2A9906EC		-0.284006	0.140921	-0.397915	535181.351371		
2013101621024158400	CMDevMot	2013-10-16 21:02:41.584	R	2D19B442-830F-47C2-B65E-ABED2A9906EC		0.981897	0.181199	-0.055190	-0.176877	0.772852	-0.609437	-0.067776	0.608166	0.790911	0.323316	0.003342	-0.095082	0.941496	0.085484	0.653749	-0.230296	-0.225544	-0.038807	-0.418174	0.067776	-0.608166	-0.790911	-0.004116	-0.022632	0.027285	13.004627	-10.940046	-38.021877	2.000000	535181.367154		
2013101621024158400	CMGyro	2013-10-16 21:02:41.584	R	2D19B442-830F-47C2-B65E-ABED2A9906EC		-0.215280	-0.176779	-0.289454	535181.382937		
2013101621024158500	CMDevMotMag	2013-10-16 21:02:41.585	R	2D19B442-830F-47C2-B65E-ABED2A9906EC		-131.920761	-65.308487	-244.268234	0.000000	535181.391647		
2013101621024160200	CMDevMot	2013-10-16 21:02:41.601	R	2D19B442-830F-47C2-B65E-ABED2A9906EC		0.979895	0.190426	-0.059524	-0.187079	0.773310	-0.605800	-0.069330	0.604756	0.793387	0.321402	0.002603	-0.100228	0.941620	0.087163	0.649459	-0.241445	-0.099153	-0.200674	-0.192882	0.069330	-0.604756	-0.793387	-0.017175	-0.005290	0.069510	13.215829	-10.461472	-38.083691	2.000000	535181.398720		
2013101621024160200	CMGyro	2013-10-16 21:02:41.602	R	2D19B442-830F-47C2-B65E-ABED2A9906EC		-0.094778	-0.123393	-0.172781	535181.414503		
2013101621024160300	Heading	2013-10-16 21:02:41.603	R	2D19B442-830F-47C2-B65E-ABED2A9906EC		320.614410	321.034485	20.000000	19.566772	-7.953758	-40.672470	20131016210241601		
2013101621024161500	CMDevMotMag	2013-10-16 21:02:41.615	R	2D19B442-830F-47C2-B65E-ABED2A9906EC		-130.735336	-64.114853	-244.765732	0.000000	535181.430581		
2013101621024163300	CMDevMot	2013-10-16 21:02:41.632	R	2D19B442-830F-47C2-B65E-ABED2A9906EC		0.978591	0.194797	-0.066440	-0.194662	0.771179	-0.606127	-0.066835	0.606084	0.792588	0.322034	0.000105	-0.103463	0.941058	0.084125	0.651128	-0.247421	-0.092939	-0.106501	-0.279148	0.066835	-0.606084	-0.792588	-0.072679	-0.015651	0.129319	12.946225	-10.323294	-38.213776	2.000000	535181.430286		
2013101621024163300	CMGyro	2013-10-16 21:02:41.633	R	2D19B442-830F-47C2-B65E-ABED2A9906EC		-0.166451	0.031040	-0.346217	535181.446069		
2013101621024165300	CMDevMotMag	2013-10-16 21:02:41.652	R	2D19B442-830F-47C2-B65E-ABED2A9906EC		-130.904678	-65.308487	-244.931564	0.000000	535181.469200		
2013101621024166600	CMDevMot	2013-10-16 21:02:41.666	R	2D19B442-830F-47C2-B65E-ABED2A9906EC		0.976472	0.205046	-0.066767	-0.202990	0.769519	-0.605505	-0.072778	0.604812	0.793036	0.321682	0.001598	-0.108449	0.940615	0.091515	0.649529	-0.260409	-0.204257	0.095173	-0.417155	0.072778	-0.604812	-0.793036	-0.046304	-0.029740	0.129126	12.943527	-10.083715	-38.278606	2.000000	535181.461852		
2013101621024166700	CMGyro	2013-10-16 21:02:41.667	R	2D19B442-830F-47C2-B65E-ABED2A9906EC		-0.265544	0.191015	-0.413493	535181.477635		
2013101621024168100	Heading	2013-10-16 21:02:41.680	R	2D19B442-830F-47C2-B65E-ABED2A9906EC		322.308014	322.728088	20.000000	19.719193	-6.606667	-41.385544	20131016210241678		
2013101621024169200	CMDevMotMag	2013-10-16 21:02:41.692	R	2D19B442-830F-47C2-B65E-ABED2A9906EC		-129.549911	-63.262268	-243.936569	0.000000	535181.508129		
2013101621024169600	CMDevMot	2013-10-16 21:02:41.696	R	2D19B442-830F-47C2-B65E-ABED2A9906EC		0.974144	0.217787	-0.060103	-0.209511	0.771248	-0.601068	-0.084550	0.598119	0.796935	0.318576	0.006495	-0.113516	0.941053	0.105699	0.641152	-0.275217	-0.210135	0.196213	-0.349608	0.084550	-0.598119	-0.796935	-0.029436	-0.028438	0.090422	12.997403	-10.064332	-38.265450	2.000000	535181.493418		
2013101621024169700	CMGyro	2013-10-16 21:02:41.697	R	2D19B442-830F-47C2-B65E-ABED2A9906EC		-0.141474	0.134184	-0.281617	535181.509200		
2013101621024172600	CMDevMot	2013-10-16 21:02:41.726	R	2D19B442-830F-47C2-B65E-ABED2A9906EC		0.972540	0.225350	-0.058165	-0.214279	0.769467	-0.601668	-0.090830	0.597610	0.796625	0.318766	0.008682	-0.116853	0.940563	0.113528	0.640517	-0.284898	0.015173	0.008935	-0.234109	0.090830	-0.597610	-0.796625	-0.035517	-0.048264	0.096323	13.323364	-9.624085	-38.266605	2.000000	535181.524983		
2013101621024172700	CMGyro	2013-10-16 21:02:41.727	R	2D19B442-830F-47C2-B65E-ABED2A9906EC		0.082740	-0.065261	-0.211325	535181.540766		
2013101621024173000	CMDevMotMag	2013-10-16 21:02:41.730	R	2D19B442-830F-47C2-B65E-ABED2A9906EC		-130.057938	-64.114853	-245.097382	0.000000	535181.546957		
2013101621024175800	CMDevMot	2013-10-16 21:02:41.758	R	2D19B442-830F-47C2-B65E-ABED2A9906EC		0.971108	0.229798	-0.064359	-0.220767	0.762682	-0.607930	-0.090615	0.604574	0.791378	0.322896	0.006992	-0.119988	0.938772	0.114007	0.649231	-0.292651	0.072035	-0.186750	-0.190577	0.090615	-0.604574	-0.791378	-0.030999	-0.084040	0.146954	13.430805	-9.796642	-38.185173	2.000000	535181.556549		
2013101621024175800	CMGyro	2013-10-16 21:02:41.758	R	2D19B442-830F-47C2-B65E-ABED2A9906EC		-0.078378	-0.103110	-0.160361	535181.572332		
2013101621024176900	CMDevMotMag	2013-10-16 21:02:41.769	R	2D19B442-830F-47C2-B65E-ABED2A9906EC		-130.227295	-64.967453	-244.599899	0.000000	535181.585691		
2013101621024178400	Heading	2013-10-16 21:02:41.783	R	2D19B442-830F-47C2-B65E-ABED2A9906EC		323.624359	324.044434	20.000000	20.498199	-5.754074	-41.385544	20131016210241781		
2013101621024179200	CMDevMot	2013-10-16 21:02:41.792	R	2D19B442-830F-47C2-B65E-ABED2A9906EC		0.970034	0.232552	-0.070384	-0.225925	0.756723	-0.613456	-0.089399	0.610974	0.786586	0.326621	0.005072	-0.122300	0.937196	0.113169	0.657291	-0.298154	-0.114772	-0.026751	-0.159975	0.089399	-0.610974	-0.786586	-0.036879	-0.157794	0.138454	13.298121	-9.774475	-38.237251	2.000000	535181.588115		
2013101621024179300	CMGyro	2013-10-16 21:02:41.793	R	2D19B442-830F-47C2-B65E-ABED2A9906EC		-0.078701	0.035893	-0.164465	535181.603898		
2013101621024180800	CMDevMotMag	2013-10-16 21:02:41.808	R	2D19B442-830F-47C2-B65E-ABED2A9906EC		-129.380554	-63.773819	-245.760712	0.000000	535181.624635		
2013101621024182300	CMDevMot	2013-10-16 21:02:41.822	R	2D19B442-830F-47C2-B65E-ABED2A9906EC		0.969023	0.235931	-0.073013	-0.229437	0.750584	-0.619663	-0.091395	0.617220	0.781464	0.330520	0.004912	-0.124356	0.935558	0.116425	0.665204	-0.304551	0.000570	-0.019689	-0.213359	0.091395	-0.617220	-0.781465	-0.031871	-0.182646	0.111314	13.271583	-10.018999	-38.183144	2.000000	535181.619681		
2013101621024182300	CMGyro	2013-10-16 21:02:41.823	R	2D19B442-830F-47C2-B65E-ABED2A9906EC		-0.034197	-0.012826	-0.244813	535181.635464		
2013101621024183400	Heading	2013-10-16 21:02:41.834	R	2D19B442-830F-47C2-B65E-ABED2A9906EC		324.629364	325.049438	20.000000	20.430466	-5.481247	-41.750351	20131016210241833		
2013101621024184700	CMDevMotMag	2013-10-16 21:02:41.846	R	2D19B442-830F-47C2-B65E-ABED2A9906EC		-129.041870	-63.773819	-246.424026	0.000000	535181.663255		
2013101621024186800	CMDevMot	2013-10-16 21:02:41.866	R	2D19B442-830F-47C2-B65E-ABED2A9906EC		0.967043	0.243341	-0.074923	-0.236484	0.749361	-0.618492	-0.094360	0.615827	0.782211	0.329951	0.005196	-0.128264	0.935229	0.120053	0.663435	-0.313989	-0.101028	-0.177058	-0.233916	0.094360	-0.615827	-0.782211	-0.005524	-0.211795	0.102905	20.430464	-5.481247	-41.750309	2.000000	535181.651247		
2013101621024186900	CMGyro	2013-10-16 21:02:41.868	R	2D19B442-830F-47C2-B65E-ABED2A9906EC		-0.233886	-0.325953	-0.191082	535181.667030		
2013101621024188600	CMDevMot	2013-10-16 21:02:41.886	R	2D19B442-830F-47C2-B65E-ABED2A9906EC		0.964950	0.248500	-0.084378	-0.246395	0.747189	-0.617250	-0.090341	0.616406	0.782229	0.329974	0.001595	-0.132373	0.934661	0.114982	0.664170	-0.321073	-0.250475	-0.290418	-0.161212	0.090341	-0.616406	-0.782229	-0.002130	-0.211948	0.017230	20.379807	-5.289650	-41.799751	2.000000	535181.682813		
2013101621024188600	CMGyro	2013-10-16 21:02:41.886	R	2D19B442-830F-47C2-B65E-ABED2A9906EC		-0.289945	-0.084637	-0.207918	535181.698596		
2013101621024189200	CMDevMotMag	2013-10-16 21:02:41.892	R	2D19B442-830F-47C2-B65E-ABED2A9906EC		-129.211212	-63.944336	-244.931564	0.000000	535181.702194		
2013101621024191700	CMDevMot	2013-10-16 21:02:41.917	R	2D19B442-830F-47C2-B65E-ABED2A9906EC		0.962915	0.255755	-0.085934	-0.253732	0.750096	-0.610717	-0.091735	0.609873	0.787172	0.326208	0.001551	-0.136163	0.935439	0.116015	0.655900	-0.328601	-0.182923	-0.055418	-0.263461	0.091736	-0.609873	-0.787172	-0.007064	-0.172186	-0.056151	19.922031	-5.008087	-42.054340	2.000000	535181.714379		
2013101621024191700	CMGyro	2013-10-16 21:02:41.917	R	2D19B442-830F-47C2-B65E-ABED2A9906EC		-0.007242	0.020451	-0.252161	535181.730162		
2013101621024192400	CMDevMotMag	2013-10-16 21:02:41.924	R	2D19B442-830F-47C2-B65E-ABED2A9906EC		-130.396637	-62.409683	-246.424026	0.000000	535181.741129		
2013101621024195000	CMDevMot	2013-10-16 21:02:41.949	R	2D19B442-830F-47C2-B65E-ABED2A9906EC		0.960876	0.263459	-0.085476	-0.259278	0.747017	-0.612161	-0.097428	0.610373	0.786100	0.327017	0.003197	-0.139827	0.934611	0.123309	0.656531	-0.339062	0.218945	0.119508	-0.263092	0.097428	-0.610373	-0.786100	0.031692	-0.122324	-0.047152	19.905416	-4.666758	-42.101448	2.000000	535181.745944		
2013101621024195000	CMGyro	2013-10-16 21:02:41.950	R	2D19B442-830F-47C2-B65E-ABED2A9906EC		0.302131	0.293165	-0.278305	535181.761727		
2013101621024196500	CMDevMotMag	2013-10-16 21:02:41.965	R	2D19B442-830F-47C2-B65E-ABED2A9906EC		-129.041870	-63.091751	-245.429047	0.000000	535181.779790		
2013101621024198100	CMDevMot	2013-10-16 21:02:41.980	R	2D19B442-830F-47C2-B65E-ABED2A9906EC		0.959158	0.271210	-0.080378	-0.260892	0.738354	-0.621908	-0.109321	0.617478	0.778955	0.332359	0.007761	-0.142691	0.932264	0.139432	0.665532	-0.352019	0.349020	0.281160	-0.296430	0.109321	-0.617478	-0.778955	0.077386	-0.081131	-0.024115	19.973999	-4.689501	-42.066422	2.000000	535181.777510		
2013101621024198100	CMGyro	2013-10-16 21:02:41.981	R	2D19B442-830F-47C2-B65E-ABED2A9906EC		0.247269	0.205040	-0.265094	535181.793293		
2013101621024199100	Heading	2013-10-16 21:02:41.991	R	2D19B442-830F-47C2-B65E-ABED2A9906EC		325.876343	326.296417	20.000000	20.803009	-4.696869	-42.148361	20131016210241989		
2013101621024200200	CMDevMotMag	2013-10-16 21:02:42.002	R	2D19B442-830F-47C2-B65E-ABED2A9906EC		-128.533829	-64.626419	-243.273254	0.000000	535181.818568		
2013101621024201200	CMDevMot	2013-10-16 21:02:42.012	R	2D19B442-830F-47C2-B65E-ABED2A9906EC		0.957172	0.279058	-0.077131	-0.263752	0.730592	-0.629817	-0.119404	0.623187	0.772904	0.336777	0.011362	-0.145894	0.930144	0.153276	0.672811	-0.364859	0.155855	0.023338	-0.198047	0.119404	-0.623187	-0.772904	0.145107	-0.073941	-0.088668	20.359886	-4.939425	-41.852280	2.000000	535181.809076		
2013101621024201300	CMGyro	2013-10-16 21:02:42.013	R	2D19B442-830F-47C2-B65E-ABED2A9906EC		0.059130	0.024431	-0.042395	535181.824859		
2013101621024204300	CMDevMotMag	2013-10-16 21:02:42.043	R	2D19B442-830F-47C2-B65E-ABED2A9906EC		-128.703171	-64.114853	-245.429047	0.000000	535181.857378		
2013101621024204400	CMDevMot	2013-10-16 21:02:42.043	R	2D19B442-830F-47C2-B65E-ABED2A9906EC		0.956734	0.280120	-0.078693	-0.265293	0.728739	-0.631316	-0.119498	0.624878	0.771523	0.337814	0.010973	-0.146672	0.929650	0.153665	0.674975	-0.366978	0.027821	-0.115762	0.047647	0.119498	-0.624878	-0.771523	0.058770	0.034622	-0.073737	20.659748	-5.155149	-41.678955	2.000000	535181.840642		
2013101621024204400	CMGyro	2013-10-16 21:02:42.044	R	2D19B442-830F-47C2-B65E-ABED2A9906EC		-0.060911	-0.191768	0.133737	535181.856425		
2013101621024207400	CMDevMot	2013-10-16 21:02:42.073	R	2D19B442-830F-47C2-B65E-ABED2A9906EC		0.957165	0.276923	-0.084554	-0.266820	0.730194	-0.628987	-0.112440	0.624605	0.772804	0.336959	0.007495	-0.146156	0.930076	0.144482	0.674625	-0.362488	-0.040271	-0.189308	0.077384	0.112440	-0.624605	-0.772804	-0.094663	0.109102	-0.077599	20.478277	-5.219534	-41.760418	2.000000	535181.872208		
2013101621024207400	CMGyro	2013-10-16 21:02:42.074	R	2D19B442-830F-47C2-B65E-ABED2A9906EC		0.032462	-0.033081	-0.091030	535181.887991		
2013101621024207900	CMDevMotMag	2013-10-16 21:02:42.079	R	2D19B442-830F-47C2-B65E-ABED2A9906EC		-128.533829	-63.262268	-245.594879	0.000000	535181.896279		
2013101621024210700	CMDevMot	2013-10-16 21:02:42.107	R	2D19B442-830F-47C2-B65E-ABED2A9906EC		0.956127	0.280157	-0.085629	-0.269748	0.727939	-0.630349	-0.114264	0.625793	0.771575	0.337866	0.007702	-0.147909	0.929468	0.147024	0.676147	-0.367390	0.135794	0.122750	-0.249235	0.114264	-0.625793	-0.771575	-0.069861	0.109984	-0.119569	20.265961	-5.228930	-41.862694	2.000000	535181.903774		
