2013092223024531500	Event	Test Begin	Default Test	2013-09-22 23:02:45.285	R	22A7CFE3-2413-41D2-80F8-C693F17141F9	ApioTest version 1.07		
2013092223024531500	Config	Local Default		DevMotRate	32.0	MagnetometerRate	32.0	LocDistanceFilter	20	AccelerometerRate	32.0	GyroRate	32.0		
2013092223024531500	Customer	22A7CFE3-2413-41D2-80F8-C693F17141F9	Kayla	Washenberger	6517697331			
2013092223024531600	Vehicle	Chevy	Monte Carlo	1999	Black			
2013092223024531600	Event	Text	Default Test	2013-09-22 23:02:45.284	R	22A7CFE3-2413-41D2-80F8-C693F17141F9	Driver		
2013092223024533200	CMGyro	2013-09-22 23:02:45.332	R	22A7CFE3-2413-41D2-80F8-C693F17141F9		0.170642	0.412688	0.043537	61994.556371		
2013092223024536900	CMDevMot	2013-09-22 23:02:45.369	R	22A7CFE3-2413-41D2-80F8-C693F17141F9		0.999890	0.000370	0.014819	0.001338	0.993349	-0.115137	-0.014763	0.115145	0.993239	0.057668	0.007408	0.000242	0.998308	0.014862	0.115401	-0.000373	0.043810	0.460986	0.066914	0.014763	-0.115145	-0.993239	-0.002159	-0.001494	-0.014970	0.000000	0.000000	0.000000	-1.000000	61994.572001		
2013092223024536900	CMGyro	2013-09-22 23:02:45.369	R	22A7CFE3-2413-41D2-80F8-C693F17141F9		0.126671	0.276835	0.086438	61994.587630		
2013092223024537900	Event	Bluetooth	Default Test	2013-09-22 23:02:45.379	R	22A7CFE3-2413-41D2-80F8-C693F17141F9	Bluetooth is currently powered on and available to use.		
2013092223024538600	Location	2013-09-22 23:02:45.385	R	22A7CFE3-2413-41D2-80F8-C693F17141F9		44.965453	-93.243150	255.840725	5.000000	4.000000	0.850000	3.164062	20130922230245315		
2013092223024539400	CMDevMot	2013-09-22 23:02:45.393	R	22A7CFE3-2413-41D2-80F8-C693F17141F9		0.999739	-0.001434	0.022817	0.004063	0.993288	-0.115595	-0.022498	0.115658	0.993034	0.057914	0.011349	0.001377	0.998256	0.022652	0.115917	0.001443	0.009958	0.079077	0.046239	0.022498	-0.115658	-0.993034	-0.003165	0.026714	-0.059197	0.000000	0.000000	0.000000	-1.000000	61994.603260		
2013092223024539400	CMGyro	2013-09-22 23:02:45.394	R	22A7CFE3-2413-41D2-80F8-C693F17141F9		0.132581	-0.075778	0.058830	61994.618889		
2013092223024539500	CMDevMotMag	2013-09-22 23:02:45.395	R	22A7CFE3-2413-41D2-80F8-C693F17141F9		-133.698593	118.484955	-231.178177	0.000000	61994.628386		
2013092223024542400	CMDevMot	2013-09-22 23:02:45.424	R	22A7CFE3-2413-41D2-80F8-C693F17141F9		0.999754	-0.002328	0.022037	0.004878	0.993189	-0.116411	-0.021616	0.116490	0.992957	0.058328	0.010932	0.001805	0.998236	0.021766	0.116755	0.002344	0.050407	0.000562	0.021282	0.021616	-0.116490	-0.992957	-0.027460	0.013172	0.011176	0.000000	0.000000	0.000000	-1.000000	61994.634518		
2013092223024542500	CMGyro	2013-09-22 23:02:45.424	R	22A7CFE3-2413-41D2-80F8-C693F17141F9		0.202149	0.074476	0.046665	61994.650148		
2013092223024543300	CMDevMotMag	2013-09-22 23:02:45.433	R	22A7CFE3-2413-41D2-80F8-C693F17141F9		-133.530426	117.647018	-231.670395	0.000000	61994.667393		
2013092223024545500	CMDevMot	2013-09-22 23:02:45.455	R	22A7CFE3-2413-41D2-80F8-C693F17141F9		0.999686	-0.003190	0.024841	0.006134	0.992833	-0.119353	-0.024283	0.119468	0.992541	0.059817	0.012304	0.002335	0.998131	0.024460	0.119754	0.003213	0.128287	0.109492	0.044109	0.024283	-0.119468	-0.992541	-0.024420	0.018058	-0.019208	0.000000	0.000000	0.000000	-1.000000	61994.665778		
2013092223024545500	CMGyro	2013-09-22 23:02:45.455	R	22A7CFE3-2413-41D2-80F8-C693F17141F9		0.249428	0.033322	0.048191	61994.681407		
2013092223024547300	CMDevMotMag	2013-09-22 23:02:45.472	R	22A7CFE3-2413-41D2-80F8-C693F17141F9		-132.857727	117.982193	-233.967407	0.000000	61994.706413		
2013092223024548600	CMDevMot	2013-09-22 23:02:45.486	R	22A7CFE3-2413-41D2-80F8-C693F17141F9		0.999642	-0.003925	0.026466	0.007168	0.992310	-0.123573	-0.025777	0.123718	0.991983	0.061947	0.013087	0.002779	0.997990	0.025980	0.124036	0.003956	0.140154	0.023158	0.015295	0.025777	-0.123718	-0.991983	-0.032842	0.029572	0.003335	0.000000	0.000000	0.000000	-1.000000	61994.697036		
2013092223024548600	CMGyro	2013-09-22 23:02:45.486	R	22A7CFE3-2413-41D2-80F8-C693F17141F9		0.267838	0.004038	0.016098	61994.712666		
2013092223024551100	CMDevMotMag	2013-09-22 23:02:45.511	R	22A7CFE3-2413-41D2-80F8-C693F17141F9		-133.362244	118.484955	-234.131485	0.000000	61994.745223		
2013092223024551800	CMDevMot	2013-09-22 23:02:45.517	R	22A7CFE3-2413-41D2-80F8-C693F17141F9		0.999728	-0.003926	0.022986	0.006773	0.992118	-0.125128	-0.022313	0.125250	0.991874	0.062722	0.011348	0.002680	0.997963	0.022492	0.125579	0.003957	0.155599	0.020397	-0.033787	0.022313	-0.125250	-0.991874	-0.024511	0.016378	0.024681	0.000000	0.000000	0.000000	-1.000000	61994.728295		
2013092223024551800	CMGyro	2013-09-22 23:02:45.518	R	22A7CFE3-2413-41D2-80F8-C693F17141F9		0.262869	0.029769	-0.015027	61994.743925		
2013092223024555000	CMDevMot	2013-09-22 23:02:45.549	R	22A7CFE3-2413-41D2-80F8-C693F17141F9		0.999752	-0.003026	0.022054	0.005852	0.991595	-0.129245	-0.021477	0.129342	0.991367	0.064787	0.010906	0.002224	0.997837	0.021661	0.129705	0.003051	0.167704	0.064002	-0.026143	0.021477	-0.129342	-0.991367	-0.020562	-0.000037	0.043430	0.000000	0.000000	0.000000	-1.000000	61994.759554		
2013092223024555100	CMGyro	2013-09-22 23:02:45.551	R	22A7CFE3-2413-41D2-80F8-C693F17141F9		0.274186	0.111639	0.038945	61994.775184		
2013092223024555100	CMDevMotMag	2013-09-22 23:02:45.551	R	22A7CFE3-2413-41D2-80F8-C693F17141F9		-133.194077	117.647018	-232.326691	0.000000	61994.783457		
2013092223024558100	CMDevMot	2013-09-22 23:02:45.580	R	22A7CFE3-2413-41D2-80F8-C693F17141F9		0.999695	-0.003793	0.024415	0.007062	0.990790	-0.135225	-0.023677	0.135357	0.990514	0.067807	0.012052	0.002720	0.997622	0.023899	0.135773	0.003828	0.101795	0.124862	0.059870	0.023677	-0.135357	-0.990514	-0.015880	-0.004170	0.034475	0.000000	0.000000	0.000000	-1.000000	61994.790813		
2013092223024558100	CMGyro	2013-09-22 23:02:45.581	R	22A7CFE3-2413-41D2-80F8-C693F17141F9		0.124176	0.116567	0.130465	61994.806443		
2013092223024558900	CMDevMotMag	2013-09-22 23:02:45.588	R	22A7CFE3-2413-41D2-80F8-C693F17141F9		-131.848679	118.652542	-231.342255	0.000000	61994.822367		
2013092223024561200	CMDevMot	2013-09-22 23:02:45.611	R	22A7CFE3-2413-41D2-80F8-C693F17141F9		0.999679	-0.007637	0.024138	0.010807	0.990919	-0.134028	-0.022895	0.134245	0.990684	0.067226	0.011786	0.004622	0.997657	0.023107	0.134652	0.007707	-0.086668	0.120438	0.110954	0.022895	-0.134245	-0.990684	-0.044746	0.012969	0.017646	0.000000	0.000000	0.000000	-1.000000	61994.822072		
2013092223024561200	CMGyro	2013-09-22 23:02:45.612	R	22A7CFE3-2413-41D2-80F8-C693F17141F9		-0.004812	0.046260	0.115504	61994.837702		
2013092223024562700	CMDevMotMag	2013-09-22 23:02:45.627	R	22A7CFE3-2413-41D2-80F8-C693F17141F9		-132.857727	116.641479	-231.342255	0.000000	61994.861278		
2013092223024564300	CMDevMot	2013-09-22 23:02:45.643	R	22A7CFE3-2413-41D2-80F8-C693F17141F9		0.999607	-0.010243	0.026106	0.013571	0.991335	-0.130655	-0.024542	0.130958	0.991084	0.065551	0.012691	0.005967	0.997751	0.024757	0.131335	0.010332	-0.082420	0.037223	0.053735	0.024542	-0.130958	-0.991084	-0.051061	0.032432	-0.053777	0.000000	0.000000	0.000000	-1.000000	61994.853331		
2013092223024564300	CMGyro	2013-09-22 23:02:45.643	R	22A7CFE3-2413-41D2-80F8-C693F17141F9		0.090476	0.000940	0.005001	61994.868961		
2013092223024567100	CMDevMotMag	2013-09-22 23:02:45.669	R	22A7CFE3-2413-41D2-80F8-C693F17141F9		-132.185028	118.652542	-231.342255	0.000000	61994.900134		
2013092223024567500	CMDevMot	2013-09-22 23:02:45.674	R	22A7CFE3-2413-41D2-80F8-C693F17141F9		0.999699	-0.010296	0.022270	0.013048	0.991789	-0.127219	-0.020777	0.127471	0.991625	0.063807	0.010784	0.005848	0.997887	0.020949	0.127819	0.010381	0.022474	0.028334	-0.050201	0.020777	-0.127471	-0.991625	-0.049113	0.010314	-0.019896	0.000000	0.000000	0.000000	-1.000000	61994.884590		
2013092223024567500	CMGyro	2013-09-22 23:02:45.675	R	22A7CFE3-2413-41D2-80F8-C693F17141F9		0.162717	0.020476	-0.065900	61994.900220		
2013092223024570600	CMDevMotMag	2013-09-22 23:02:45.705	R	22A7CFE3-2413-41D2-80F8-C693F17141F9		-132.016861	116.809082	-232.162613	0.000000	61994.938951		
2013092223024570700	CMDevMot	2013-09-22 23:02:45.706	R	22A7CFE3-2413-41D2-80F8-C693F17141F9		0.999769	-0.008061	0.019926	0.010549	0.991706	-0.128097	-0.018728	0.128277	0.991561	0.064230	0.009684	0.004662	0.997877	0.018886	0.128632	0.008128	0.067955	0.072433	-0.091397	0.018728	-0.128277	-0.991561	-0.027304	-0.009754	-0.000168	0.000000	0.000000	0.000000	-1.000000	61994.915849		
2013092223024570700	CMGyro	2013-09-22 23:02:45.707	R	22A7CFE3-2413-41D2-80F8-C693F17141F9		0.170760	0.041322	-0.046154	61994.931479		
2013092223024573700	CMDevMot	2013-09-22 23:02:45.737	R	22A7CFE3-2413-41D2-80F8-C693F17141F9		0.999765	-0.006001	0.020813	0.008667	0.991414	-0.130474	-0.019851	0.130624	0.991233	0.065418	0.010188	0.003675	0.997799	0.020024	0.130998	0.006053	0.004856	0.055746	-0.049793	0.019851	-0.130624	-0.991233	-0.014968	-0.023216	0.014839	0.000000	0.000000	0.000000	-1.000000	61994.947108		
2013092223024573800	CMGyro	2013-09-22 23:02:45.738	R	22A7CFE3-2413-41D2-80F8-C693F17141F9		0.072852	0.030916	0.005342	61994.962738		
2013092223024574400	CMDevMotMag	2013-09-22 23:02:45.744	R	22A7CFE3-2413-41D2-80F8-C693F17141F9		-132.185028	116.976669	-230.357819	0.000000	61994.977885		
2013092223024576800	CMDevMot	2013-09-22 23:02:45.768	R	22A7CFE3-2413-41D2-80F8-C693F17141F9		0.999756	-0.005503	0.021407	0.008237	0.991507	-0.129796	-0.020511	0.129940	0.991310	0.065076	0.010502	0.003442	0.997819	0.020688	0.130309	0.005550	-0.045941	0.049862	-0.021118	0.020511	-0.129940	-0.991310	-0.020877	-0.000965	-0.007592	0.000000	0.000000	0.000000	-1.000000	61994.978367		
2013092223024576800	CMGyro	2013-09-22 23:02:45.768	R	22A7CFE3-2413-41D2-80F8-C693F17141F9		0.118704	0.011872	-0.024132	61994.999207		
2013092223024578400	CMDevMotMag	2013-09-22 23:02:45.783	R	22A7CFE3-2413-41D2-80F8-C693F17141F9		-131.848679	116.976669	-229.373383	0.000000	61995.016798		
2013092223024581500	CMDevMot	2013-09-22 23:02:45.815	R	22A7CFE3-2413-41D2-80F8-C693F17141F9		0.999762	-0.004087	0.021432	0.006828	0.991565	-0.129434	-0.020723	0.129550	0.991356	0.064886	0.010562	0.002735	0.997833	0.020900	0.129915	0.004122	0.050737	0.022479	-0.086054	0.020723	-0.129550	-0.991356	-0.011308	0.003085	-0.005928	0.000000	0.000000	0.000000	-1.000000	61995.014836		
2013092223024581600	CMGyro	2013-09-22 23:02:45.815	R	22A7CFE3-2413-41D2-80F8-C693F17141F9		0.204454	0.021063	-0.066399	61995.040885		
2013092223024582200	CMDevMotMag	2013-09-22 23:02:45.822	R	22A7CFE3-2413-41D2-80F8-C693F17141F9		-132.857727	118.987717	-233.311127	0.000000	61995.055731		
2013092223024584700	CMDevMot	2013-09-22 23:02:45.846	R	22A7CFE3-2413-41D2-80F8-C693F17141F9		0.999741	-0.001217	0.022719	0.004228	0.991114	-0.132950	-0.022356	0.133012	0.990862	0.066643	0.011295	0.001364	0.997712	0.022558	0.133407	0.001228	0.083336	0.047102	-0.091845	0.022356	-0.133012	-0.990862	-0.000139	-0.009139	0.029284	0.000000	0.000000	0.000000	-1.000000	61995.056515		
2013092223024584800	CMGyro	2013-09-22 23:02:45.848	R	22A7CFE3-2413-41D2-80F8-C693F17141F9		0.150449	0.041576	-0.044141	61995.072144		
2013092223024586100	CMDevMotMag	2013-09-22 23:02:45.861	R	22A7CFE3-2413-41D2-80F8-C693F17141F9		-131.007812	117.814606	-230.193741	0.000000	61995.094558		
2013092223024587700	CMDevMot	2013-09-22 23:02:45.877	R	22A7CFE3-2413-41D2-80F8-C693F17141F9		0.999686	0.000947	0.025056	0.002451	0.990814	-0.135207	-0.024954	0.135226	0.990501	0.067769	0.012532	0.000377	0.997622	0.025188	0.135641	-0.000955	0.019999	0.125667	-0.054329	0.024954	-0.135226	-0.990501	-0.003928	-0.010893	0.032325	0.000000	0.000000	0.000000	-1.000000	61995.087774		
2013092223024587800	CMGyro	2013-09-22 23:02:45.878	R	22A7CFE3-2413-41D2-80F8-C693F17141F9		0.099316	0.127362	-0.018316	61995.103403		
2013092223024589900	CMDevMotMag	2013-09-22 23:02:45.899	R	22A7CFE3-2413-41D2-80F8-C693F17141F9		-130.839630	117.647018	-231.342255	0.000000	61995.133392		
2013092223024590900	CMDevMot	2013-09-22 23:02:45.908	R	22A7CFE3-2413-41D2-80F8-C693F17141F9		0.999553	0.002147	0.029826	0.001958	0.990579	-0.136931	-0.029839	0.136928	0.990131	0.068634	0.014953	-0.000048	0.997530	0.030128	0.137360	-0.002168	-0.012770	0.120807	-0.026561	0.029839	-0.136928	-0.990131	0.010444	-0.010365	-0.032513	0.000000	0.000000	0.000000	-1.000000	61995.119033		
2013092223024590900	CMGyro	2013-09-22 23:02:45.909	R	22A7CFE3-2413-41D2-80F8-C693F17141F9		0.097777	0.042254	0.013779	61995.134662		
2013092223024593800	CMDevMotMag	2013-09-22 23:02:45.938	R	22A7CFE3-2413-41D2-80F8-C693F17141F9		-132.353195	117.479431	-231.834473	0.000000	61995.172155		
2013092223024594000	CMDevMot	2013-09-22 23:02:45.939	R	22A7CFE3-2413-41D2-80F8-C693F17141F9		0.999510	0.002332	0.031201	0.001930	0.990725	-0.135867	-0.031228	0.135860	0.990236	0.068098	0.015645	-0.000101	0.997556	0.031526	0.136282	-0.002353	-0.019305	0.003736	0.001331	0.031228	-0.135860	-0.990236	-0.005548	0.009380	-0.023177	0.000000	0.000000	0.000000	-1.000000	61995.150292		
2013092223024594000	CMGyro	2013-09-22 23:02:45.940	R	22A7CFE3-2413-41D2-80F8-C693F17141F9		0.095095	-0.018135	0.004247	61995.165921		
2013092223024597100	CMDevMot	2013-09-22 23:02:45.971	R	22A7CFE3-2413-41D2-80F8-C693F17141F9		0.999503	0.003157	0.031378	0.001123	0.990782	-0.135463	-0.031517	0.135431	0.990285	0.067888	0.015762	-0.000510	0.997568	0.031815	0.135848	-0.003186	-0.004725	0.022532	-0.051690	0.031517	-0.135431	-0.990285	-0.012993	0.011514	0.005239	0.000000	0.000000	0.000000	-1.000000	61995.181551		
2013092223024597100	CMGyro	2013-09-22 23:02:45.971	R	22A7CFE3-2413-41D2-80F8-C693F17141F9		0.141998	-0.023276	-0.063095	61995.197180		
2013092223024597700	CMDevMotMag	2013-09-22 23:02:45.977	R	22A7CFE3-2413-41D2-80F8-C693F17141F9		-133.194077	118.987717	-231.342255	0.000000	61995.211005		
2013092223024600300	CMDevMot	2013-09-22 23:02:46.002	R	22A7CFE3-2413-41D2-80F8-C693F17141F9		0.999497	0.005808	0.031180	-0.001517	0.990719	-0.135917	-0.031680	0.135801	0.990229	0.068096	0.015753	-0.001836	0.997553	0.031981	0.136222	-0.005862	0.079743	0.038735	-0.090569	0.031680	-0.135801	-0.990229	-0.018969	0.006056	0.021907	0.000000	0.000000	0.000000	-1.000000	61995.212810		
2013092223024600300	CMGyro	2013-09-22 23:02:46.003	R	22A7CFE3-2413-41D2-80F8-C693F17141F9		0.204401	0.059832	-0.098855	61995.228439		
2013092223024601700	CMDevMotMag	2013-09-22 23:02:46.016	R	22A7CFE3-2413-41D2-80F8-C693F17141F9		-131.344162	118.149780	-230.193741	0.000000	61995.249897		
2013092223024603300	CMDevMot	2013-09-22 23:02:46.033	R	22A7CFE3-2413-41D2-80F8-C693F17141F9		0.999435	0.009553	0.032228	-0.005012	0.990400	-0.138141	-0.033239	0.137901	0.989888	0.069186	0.016408	-0.003651	0.997462	0.033566	0.138342	-0.009646	0.054902	0.044988	-0.145178	0.033239	-0.137901	-0.989888	-0.009923	0.013893	0.038716	0.000000	0.000000	0.000000	-1.000000	61995.244069		
2013092223024603300	CMGyro	2013-09-22 23:02:46.033	R	22A7CFE3-2413-41D2-80F8-C693F17141F9		0.157088	0.000688	-0.135017	61995.259698		
2013092223024605500	CMDevMotMag	2013-09-22 23:02:46.055	R	22A7CFE3-2413-41D2-80F8-C693F17141F9		-131.512329	116.306305	-231.342255	0.000000	61995.288898		
2013092223024606500	CMDevMot	2013-09-22 23:02:46.064	R	22A7CFE3-2413-41D2-80F8-C693F17141F9		0.999367	0.014382	0.032543	-0.009686	0.990092	-0.140088	-0.034235	0.139684	0.989604	0.070127	0.016739	-0.006033	0.997379	0.034581	0.140143	-0.014524	0.079106	0.057841	-0.154412	0.034235	-0.139684	-0.989604	-0.013834	-0.012873	0.020457	0.000000	0.000000	0.000000	-1.000000	61995.275328		
2013092223024606500	CMGyro	2013-09-22 23:02:46.065	R	22A7CFE3-2413-41D2-80F8-C693F17141F9		0.196481	0.070944	-0.112123	61995.290957		
2013092223024609300	CMDevMotMag	2013-09-22 23:02:46.093	R	22A7CFE3-2413-41D2-80F8-C693F17141F9		-130.839630	116.641479	-231.670395	0.000000	61995.327340		
2013092223024609600	CMDevMot	2013-09-22 23:02:46.096	R	22A7CFE3-2413-41D2-80F8-C693F17141F9		0.999193	0.018916	0.035431	-0.013656	0.989598	-0.143213	-0.037771	0.142614	0.989057	0.071655	0.018351	-0.008166	0.997227	0.038170	0.143102	-0.019113	0.048614	0.129411	-0.145626	0.037771	-0.142614	-0.989057	-0.004827	-0.007075	0.039167	0.000000	0.000000	0.000000	-1.000000	61995.306587		
2013092223024609700	CMGyro	2013-09-22 23:02:46.096	R	22A7CFE3-2413-41D2-80F8-C693F17141F9		0.137840	0.137534	-0.127234	61995.322216		
2013092223024612800	CMDevMot	2013-09-22 23:02:46.127	R	22A7CFE3-2413-41D2-80F8-C693F17141F9		0.998887	0.023664	0.040808	-0.017496	0.989223	-0.145368	-0.043808	0.144492	0.988536	0.072677	0.021216	-0.010320	0.997076	0.044287	0.144999	-0.023917	0.008788	0.183616	-0.148447	0.043808	-0.144492	-0.988536	0.007736	-0.024881	0.022319	0.000000	0.000000	0.000000	-1.000000	61995.337846		
2013092223024612800	CMGyro	2013-09-22 23:02:46.128	R	22A7CFE3-2413-41D2-80F8-C693F17141F9		0.084386	0.157464	-0.079084	61995.353476		
2013092223024613200	CMDevMotMag	2013-09-22 23:02:46.132	R	22A7CFE3-2413-41D2-80F8-C693F17141F9		-129.830582	116.641479	-231.342255	0.000000	61995.366245		
2013092223024615900	CMDevMot	2013-09-22 23:02:46.158	R	22A7CFE3-2413-41D2-80F8-C693F17141F9		0.998594	0.026514	0.045896	-0.019656	0.989397	-0.143898	-0.049225	0.142794	0.988528	0.071884	0.023851	-0.011577	0.997061	0.049755	0.143284	-0.026792	-0.110887	0.119097	-0.055167	0.049225	-0.142794	-0.988528	0.013611	-0.035398	0.010149	0.000000	0.000000	0.000000	-1.000000	61995.369105		
2013092223024615900	CMGyro	2013-09-22 23:02:46.159	R	22A7CFE3-2413-41D2-80F8-C693F17141F9		-0.078609	-0.015315	-0.008073	61995.384735		
2013092223024617100	CMDevMotMag	2013-09-22 23:02:46.171	R	22A7CFE3-2413-41D2-80F8-C693F17141F9		-131.680511	118.484955	-231.834473	0.000000	61995.405130		
2013092223024619000	CMDevMot	2013-09-22 23:02:46.190	R	22A7CFE3-2413-41D2-80F8-C693F17141F9		0.998580	0.027454	0.045661	-0.020840	0.990003	-0.139496	-0.049034	0.138347	0.989169	0.069655	0.023740	-0.012107	0.997215	0.049531	0.138792	-0.027724	-0.195059	-0.105246	-0.039430	0.049034	-0.138347	-0.989169	0.000343	-0.030019	-0.023129	0.000000	0.000000	0.000000	-1.000000	61995.400364		
2013092223024619000	CMGyro	2013-09-22 23:02:46.190	R	22A7CFE3-2413-41D2-80F8-C693F17141F9		-0.016398	-0.138586	-0.013043	61995.415994		
2013092223024621000	CMDevMotMag	2013-09-22 23:02:46.210	R	22A7CFE3-2413-41D2-80F8-C693F17141F9		-129.662415	117.144257	-231.178177	0.000000	61995.443945		
2013092223024622100	CMDevMot	2013-09-22 23:02:46.221	R	22A7CFE3-2413-41D2-80F8-C693F17141F9		0.998709	0.028432	0.042104	-0.022439	0.990382	-0.136529	-0.045581	0.135408	0.989741	0.068165	0.021979	-0.012752	0.997350	0.046021	0.135825	-0.028700	-0.084198	-0.096261	-0.035415	0.045581	-0.135408	-0.989741	-0.001208	-0.041900	0.005488	0.000000	0.000000	0.000000	-1.000000	61995.431623		
2013092223024622200	CMGyro	2013-09-22 23:02:46.222	R	22A7CFE3-2413-41D2-80F8-C693F17141F9		0.037769	-0.091716	-0.017706	61995.447253		
2013092223024624900	CMDevMotMag	2013-09-22 23:02:46.249	R	22A7CFE3-2413-41D2-80F8-C693F17141F9		-132.353195	118.484955	-232.490753	0.000000	61995.482872		
2013092223024625200	CMDevMot	2013-09-22 23:02:46.252	R	22A7CFE3-2413-41D2-80F8-C693F17141F9		0.998759	0.029177	0.040352	-0.023439	0.990431	-0.136003	-0.043934	0.134888	0.989886	0.067901	0.021127	-0.013188	0.997381	0.044353	0.135301	-0.029450	-0.104478	-0.029968	-0.008729	0.043934	-0.134888	-0.989886	0.004208	-0.054031	0.019000	0.000000	0.000000	0.000000	-1.000000	61995.462882		
2013092223024625300	CMGyro	2013-09-22 23:02:46.253	R	22A7CFE3-2413-41D2-80F8-C693F17141F9		-0.002229	-0.052800	0.023265	61995.478512		
2013092223024628400	CMDevMot	2013-09-22 23:02:46.283	R	22A7CFE3-2413-41D2-80F8-C693F17141F9		0.998785	0.029218	0.039681	-0.023643	0.990654	-0.134333	-0.043235	0.133231	0.990141	0.067062	0.020782	-0.013249	0.997444	0.043638	0.133629	-0.029485	-0.127049	-0.028433	-0.009128	0.043235	-0.133231	-0.990141	0.005852	-0.048196	0.014250	0.000000	0.000000	0.000000	-1.000000	61995.494141		
2013092223024628400	CMGyro	2013-09-22 23:02:46.284	R	22A7CFE3-2413-41D2-80F8-C693F17141F9		-0.021850	-0.041209	0.049779	61995.509771		
2013092223024628800	CMDevMotMag	2013-09-22 23:02:46.287	R	22A7CFE3-2413-41D2-80F8-C693F17141F9		-130.671463	119.155304	-230.521896	0.000000	61995.521602		
2013092223024631500	CMDevMot	2013-09-22 23:02:46.314	R	22A7CFE3-2413-41D2-80F8-C693F17141F9		0.998802	0.028462	0.039802	-0.022718	0.990177	-0.137962	-0.043338	0.136893	0.989637	0.068898	0.020841	-0.012829	0.997323	0.043764	0.137324	-0.028736	-0.177572	-0.085954	0.046354	0.043338	-0.136893	-0.989637	0.010541	-0.052026	-0.001055	0.000000	0.000000	0.000000	-1.000000	61995.525400		
2013092223024631500	CMGyro	2013-09-22 23:02:46.315	R	22A7CFE3-2413-41D2-80F8-C693F17141F9		-0.100071	-0.159765	0.085922	61995.541030		
2013092223024632600	CMDevMotMag	2013-09-22 23:02:46.326	R	22A7CFE3-2413-41D2-80F8-C693F17141F9		-131.007812	117.814606	-231.834473	0.000000	61995.560406		
2013092223024634600	CMDevMot	2013-09-22 23:02:46.346	R	22A7CFE3-2413-41D2-80F8-C693F17141F9		0.999007	0.026350	0.035925	-0.021214	0.990409	-0.136531	-0.039178	0.135633	0.989984	0.068217	0.018824	-0.011922	0.997422	0.039553	0.136052	-0.026599	-0.198586	-0.135983	0.064557	0.039178	-0.135633	-0.989984	-0.001641	-0.046465	0.012720	0.000000	0.000000	0.000000	-1.000000	61995.556659		
2013092223024634600	CMGyro	2013-09-22 23:02:46.346	R	22A7CFE3-2413-41D2-80F8-C693F17141F9		-0.072074	-0.120724	0.076267	61995.572289		
2013092223024636500	CMDevMotMag	2013-09-22 23:02:46.365	R	22A7CFE3-2413-41D2-80F8-C693F17141F9		-131.680511	120.496017	-230.521896	0.000000	61995.599241		
2013092223024637800	CMDevMot	2013-09-22 23:02:46.377	R	22A7CFE3-2413-41D2-80F8-C693F17141F9		0.999186	0.024437	0.032083	-0.019880	0.990592	-0.135396	-0.035090	0.134648	0.990272	0.067680	0.016835	-0.011107	0.997503	0.035420	0.135058	-0.024664	-0.141959	-0.046871	0.028600	0.035090	-0.134648	-0.990272	-0.014109	-0.043514	0.038429	0.000000	0.000000	0.000000	-1.000000	61995.587918		
2013092223024637800	CMGyro	2013-09-22 23:02:46.378	R	22A7CFE3-2413-41D2-80F8-C693F17141F9		0.062148	-0.065412	0.066890	61995.603548		
2013092223024640400	CMDevMotMag	2013-09-22 23:02:46.404	R	22A7CFE3-2413-41D2-80F8-C693F17141F9		-130.503281	119.658081	-232.326691	0.000000	61995.638054		
2013092223024640900	CMDevMot	2013-09-22 23:02:46.408	R	22A7CFE3-2413-41D2-80F8-C693F17141F9		0.999305	0.022905	0.029397	-0.018598	0.990087	-0.139218	-0.032294	0.138575	0.989825	0.069629	0.015463	-0.010403	0.997399	0.032615	0.139022	-0.023130	-0.025683	-0.081075	0.045255	0.032294	-0.138575	-0.989825	-0.015540	-0.040716	0.045535	0.000000	0.000000	0.000000	-1.000000	61995.619177		
2013092223024640900	CMGyro	2013-09-22 23:02:46.409	R	22A7CFE3-2413-41D2-80F8-C693F17141F9		0.057139	-0.100943	0.063924	61995.634807		
2013092223024644000	CMDevMot	2013-09-22 23:02:46.439	R	22A7CFE3-2413-41D2-80F8-C693F17141F9		0.999412	0.021502	0.026696	-0.017594	0.990159	-0.138839	-0.029418	0.138287	0.989955	0.069459	0.014065	-0.009799	0.997437	0.029708	0.138732	-0.021712	-0.087378	-0.051664	0.046060	0.029418	-0.138287	-0.989955	-0.013870	-0.054385	0.056377	0.000000	0.000000	0.000000	-1.000000	61995.650437		
2013092223024644000	CMGyro	2013-09-22 23:02:46.440	R	22A7CFE3-2413-41D2-80F8-C693F17141F9		0.030089	-0.037702	0.071739	61995.666066		
2013092223024644300	CMDevMotMag	2013-09-22 23:02:46.443	R	22A7CFE3-2413-41D2-80F8-C693F17141F9		-131.344162	118.820129	-232.818909	0.000000	61995.676919		
2013092223024647100	CMDevMot	2013-09-22 23:02:46.471	R	22A7CFE3-2413-41D2-80F8-C693F17141F9		0.999459	0.020212	0.025939	-0.016462	0.990377	-0.137416	-0.028467	0.136914	0.990174	0.068755	0.013636	-0.009192	0.997498	0.028742	0.137346	-0.020406	-0.090745	0.026262	0.018722	0.028467	-0.136914	-0.990174	-0.025232	-0.039981	0.044053	0.000000	0.000000	0.000000	-1.000000	61995.681696		
2013092223024647100	CMGyro	2013-09-22 23:02:46.471	R	22A7CFE3-2413-41D2-80F8-C693F17141F9		0.028089	0.017889	-0.021030	61995.697325		
2013092223024648200	CMDevMotMag	2013-09-22 23:02:46.481	R	22A7CFE3-2413-41D2-80F8-C693F17141F9		-131.848679	119.322906	-232.326691	0.000000	61995.715631		
2013092223024650200	CMDevMot	2013-09-22 23:02:46.502	R	22A7CFE3-2413-41D2-80F8-C693F17141F9		0.999412	0.021978	0.026318	-0.018197	0.990517	-0.136182	-0.029062	0.135623	0.990334	0.068120	0.013879	-0.010069	0.997530	0.029337	0.136043	-0.022185	-0.049148	0.022796	-0.121645	0.029062	-0.135623	-0.990334	-0.014184	-0.047665	-0.019309	0.000000	0.000000	0.000000	-1.000000	61995.712955		
2013092223024650300	CMGyro	2013-09-22 23:02:46.503	R	22A7CFE3-2413-41D2-80F8-C693F17141F9		0.112083	-0.045469	-0.114929	61995.728584		
2013092223024652000	CMDevMotMag	2013-09-22 23:02:46.520	R	22A7CFE3-2413-41D2-80F8-C693F17141F9		-131.007812	119.490494	-233.147049	0.000000	61995.754537		
2013092223024653400	CMDevMot	2013-09-22 23:02:46.534	R	22A7CFE3-2413-41D2-80F8-C693F17141F9		0.999311	0.026244	0.026245	-0.022359	0.990080	-0.138718	-0.029626	0.138035	0.989984	0.069367	0.014004	-0.012182	0.997418	0.029916	0.138477	-0.026501	0.019480	-0.051851	-0.123868	0.029626	-0.138035	-0.989984	0.029548	-0.096477	-0.015494	0.000000	0.000000	0.000000	-1.000000	61995.744214		
2013092223024653500	CMGyro	2013-09-22 23:02:46.534	R	22A7CFE3-2413-41D2-80F8-C693F17141F9		0.123158	-0.093460	-0.049196	61995.759843		
2013092223024655900	CMDevMotMag	2013-09-22 23:02:46.559	R	22A7CFE3-2413-41D2-80F8-C693F17141F9		-132.016861	119.155304	-232.818909	0.000000	61995.793339		
2013092223024656500	CMDevMot	2013-09-22 23:02:46.564	R	22A7CFE3-2413-41D2-80F8-C693F17141F9		0.999312	0.028501	0.023713	-0.024953	0.990064	-0.138389	-0.027422	0.137702	0.990094	0.069201	0.012817	-0.013398	0.997430	0.027689	0.138141	-0.028779	-0.044696	-0.101246	-0.052292	0.027422	-0.137702	-0.990094	0.019331	-0.096871	0.001050	0.000000	0.000000	0.000000	-1.000000	61995.775473		
2013092223024656500	CMGyro	2013-09-22 23:02:46.565	R	22A7CFE3-2413-41D2-80F8-C693F17141F9		0.062689	-0.127567	-0.026053	61995.791102		
2013092223024659600	CMDevMot	2013-09-22 23:02:46.596	R	22A7CFE3-2413-41D2-80F8-C693F17141F9		0.999326	0.030180	0.020905	-0.026974	0.989848	-0.139544	-0.024904	0.138886	0.989995	0.069790	0.011482	-0.014326	0.997393	0.025150	0.139337	-0.030480	-0.013197	-0.083624	-0.062680	0.024904	-0.138886	-0.989995	0.013960	-0.085494	-0.034037	0.000000	0.000000	0.000000	-1.000000	61995.806732		
2013092223024659700	CMGyro	2013-09-22 23:02:46.596	R	22A7CFE3-2413-41D2-80F8-C693F17141F9		0.155449	-0.086756	-0.051138	61995.822362		
2013092223024659800	CMDevMotMag	2013-09-22 23:02:46.598	R	22A7CFE3-2413-41D2-80F8-C693F17141F9		-130.335114	119.490494	-232.490753	0.000000	61995.832156		
2013092223024662800	CMDevMot	2013-09-22 23:02:46.627	R	22A7CFE3-2413-41D2-80F8-C693F17141F9		0.999295	0.032541	0.018740	-0.029538	0.989310	-0.142805	-0.023186	0.142151	0.989573	0.071434	0.010510	-0.015562	0.997269	0.023426	0.142634	-0.032881	0.035184	-0.074332	-0.084395	0.023186	-0.142151	-0.989573	0.011573	-0.070374	-0.011022	0.000000	0.000000	0.000000	-1.000000	61995.837991		
2013092223024662800	CMGyro	2013-09-22 23:02:46.628	R	22A7CFE3-2413-41D2-80F8-C693F17141F9		0.109856	-0.095795	-0.042317	61995.853621		
2013092223024663700	CMDevMotMag	2013-09-22 23:02:46.637	R	22A7CFE3-2413-41D2-80F8-C693F17141F9		-130.671463	119.155304	-231.506317	0.000000	61995.870969		
2013092223024665900	CMDevMot	2013-09-22 23:02:46.658	R	22A7CFE3-2413-41D2-80F8-C693F17141F9		0.999274	0.034384	0.016378	-0.031665	0.989016	-0.144377	-0.021162	0.143753	0.989387	0.072234	0.009411	-0.016559	0.997206	0.021386	0.144253	-0.034752	-0.044808	-0.079133	-0.029178	0.021162	-0.143753	-0.989387	0.002656	-0.059463	-0.003639	0.000000	0.000000	0.000000	-1.000000	61995.869250		
2013092223024665900	CMGyro	2013-09-22 23:02:46.659	R	22A7CFE3-2413-41D2-80F8-C693F17141F9		0.002522	-0.048165	0.025611	61995.884880		
2013092223024667700	CMDevMotMag	2013-09-22 23:02:46.676	R	22A7CFE3-2413-41D2-80F8-C693F17141F9		-132.521378	118.652542	-231.998535	0.000000	61995.909771		
2013092223024669000	CMDevMot	2013-09-22 23:02:46.690	R	22A7CFE3-2413-41D2-80F8-C693F17141F9		0.999290	0.034092	0.016066	-0.031446	0.989197	-0.143181	-0.020774	0.142574	0.989566	0.071635	0.009235	-0.016430	0.997253	0.020990	0.143061	-0.034451	-0.180839	0.061806	0.031883	0.020774	-0.142574	-0.989566	-0.004874	-0.048497	-0.050015	0.000000	0.000000	0.000000	-1.000000	61995.900509		
2013092223024669000	CMGyro	2013-09-22 23:02:46.690	R	22A7CFE3-2413-41D2-80F8-C693F17141F9		-0.104303	0.074118	0.051032	61995.916139		
2013092223024671400	CMDevMotMag	2013-09-22 23:02:46.714	R	22A7CFE3-2413-41D2-80F8-C693F17141F9		-131.175980	119.658081	-232.326691	0.000000	61995.948595		
2013092223024672100	CMDevMot	2013-09-22 23:02:46.721	R	22A7CFE3-2413-41D2-80F8-C693F17141F9		0.999249	0.033598	0.019327	-0.030645	0.990125	-0.136795	-0.023732	0.136100	0.990411	0.068397	0.010792	-0.016101	0.997470	0.023958	0.136524	-0.033920	-0.197056	0.118973	-0.015285	0.023732	-0.136100	-0.990411	-0.021672	-0.028710	-0.168097	0.000000	0.000000	0.000000	-1.000000	61995.931768		
2013092223024672200	CMGyro	2013-09-22 23:02:46.722	R	22A7CFE3-2413-41D2-80F8-C693F17141F9		0.026823	0.132151	-0.025477	61995.947398		
2013092223024675300	CMDevMot	2013-09-22 23:02:46.752	R	22A7CFE3-2413-41D2-80F8-C693F17141F9		0.999099	0.035838	0.022719	-0.032459	0.990343	-0.134787	-0.027330	0.133928	0.990614	0.067347	0.012543	-0.017117	0.997504	0.027582	0.134331	-0.036172	0.031704	0.029214	-0.140424	0.027330	-0.133928	-0.990614	-0.028886	0.040864	-0.230089	0.000000	0.000000	0.000000	-1.000000	61995.963027		
2013092223024675300	CMGyro	2013-09-22 23:02:46.753	R	22A7CFE3-2413-41D2-80F8-C693F17141F9		0.210623	-0.111069	-0.170915	61995.978657		
2013092223024675400	CMDevMotMag	2013-09-22 23:02:46.754	R	22A7CFE3-2413-41D2-80F8-C693F17141F9		-131.007812	120.831192	-233.147049	0.000000	61995.987534		
2013092223024678400	CMDevMot	2013-09-22 23:02:46.783	R	22A7CFE3-2413-41D2-80F8-C693F17141F9		0.998910	0.042037	0.020285	-0.038862	0.989756	-0.137377	-0.025852	0.136439	0.990311	0.068634	0.011564	-0.020278	0.997369	0.026099	0.136865	-0.042447	0.082527	-0.092347	-0.214997	0.025852	-0.136439	-0.990311	-0.046253	0.041147	-0.071517	0.000000	0.000000	0.000000	-1.000000	61995.994287		
2013092223024678400	CMGyro	2013-09-22 23:02:46.784	R	22A7CFE3-2413-41D2-80F8-C693F17141F9		0.163452	-0.016850	-0.206330	61996.009916		
2013092223024679200	CMDevMotMag	2013-09-22 23:02:46.792	R	22A7CFE3-2413-41D2-80F8-C693F17141F9		-131.680511	119.825668	-231.506317	0.000000	61996.026316		
2013092223024681500	CMDevMot	2013-09-22 23:02:46.815	R	22A7CFE3-2413-41D2-80F8-C693F17141F9		0.998611	0.048955	0.019498	-0.045816	0.989414	-0.137697	-0.026033	0.136612	0.990282	0.068764	0.011414	-0.023757	0.997285	0.026282	0.137041	-0.049439	0.045241	0.092867	-0.234250	0.026033	-0.136612	-0.990282	-0.049546	0.040482	-0.072538	0.000000	0.000000	0.000000	-1.000000	61996.025546		
2013092223024681500	CMGyro	2013-09-22 23:02:46.815	R	22A7CFE3-2413-41D2-80F8-C693F17141F9		0.187454	0.052432	-0.236592	61996.041175		
2013092223024683100	CMDevMotMag	2013-09-22 23:02:46.831	R	22A7CFE3-2413-41D2-80F8-C693F17141F9		-130.671463	118.820129	-232.490753	0.000000	61996.065128		
2013092223024684600	CMDevMot	2013-09-22 23:02:46.846	R	22A7CFE3-2413-41D2-80F8-C693F17141F9		0.998166	0.057153	0.019943	-0.053866	0.988953	-0.138098	-0.027615	0.136771	0.990218	0.068913	0.011923	-0.027834	0.997163	0.027881	0.137201	-0.057727	0.104321	0.019495	-0.291912	0.027615	-0.136771	-0.990218	-0.050061	0.067282	-0.078065	0.000000	0.000000	0.000000	-1.000000	61996.056805		
2013092223024684700	CMGyro	2013-09-22 23:02:46.847	R	22A7CFE3-2413-41D2-80F8-C693F17141F9		0.263569	-0.005564	-0.298965	61996.072434		
2013092223024687000	CMDevMotMag	2013-09-22 23:02:46.870	R	22A7CFE3-2413-41D2-80F8-C693F17141F9		-130.839630	119.322906	-231.014099	0.000000	61996.103996		
2013092223024687800	CMDevMot	2013-09-22 23:02:46.877	R	22A7CFE3-2413-41D2-80F8-C693F17141F9		0.997560	0.067083	0.019355	-0.063688	0.987888	-0.141496	-0.028613	0.139918	0.989750	0.070573	0.012029	-0.032795	0.996895	0.028901	0.140379	-0.067802	0.213374	0.020822	-0.318358	0.028613	-0.139918	-0.989750	-0.028643	0.054469	-0.030163	0.000000	0.000000	0.000000	-1.000000	61996.088064		
2013092223024687800	CMGyro	2013-09-22 23:02:46.878	R	22A7CFE3-2413-41D2-80F8-C693F17141F9		0.344699	-0.004206	-0.252966	61996.103693		
2013092223024690900	CMDevMot	2013-09-22 23:02:46.909	R	22A7CFE3-2413-41D2-80F8-C693F17141F9		0.996960	0.075647	0.018636	-0.072095	0.986453	-0.147355	-0.029531	0.145564	0.988908	0.073485	0.012084	-0.037064	0.996534	0.029853	0.146083	-0.076536	0.230924	-0.029020	-0.227786	0.029531	-0.145564	-0.988908	-0.013265	0.040889	0.035295	0.000000	0.000000	0.000000	-1.000000	61996.119323		
2013092223024690900	CMGyro	2013-09-22 23:02:46.909	R	22A7CFE3-2413-41D2-80F8-C693F17141F9		0.338105	-0.062255	-0.150885	61996.134952		
2013092223024691000	CMDevMotMag	2013-09-22 23:02:46.910	R	22A7CFE3-2413-41D2-80F8-C693F17141F9		-131.512329	118.317368	-231.342255	0.000000	61996.142803		
2013092223024694000	CMDevMot	2013-09-22 23:02:46.940	R	22A7CFE3-2413-41D2-80F8-C693F17141F9		0.996588	0.080851	0.016568	-0.077356	0.985048	-0.153934	-0.028766	0.152127	0.987942	0.076808	0.011377	-0.039703	0.996190	0.029109	0.152720	-0.081895	0.209999	-0.065651	-0.116923	0.028766	-0.152127	-0.987942	-0.020908	0.066327	0.070950	0.000000	0.000000	0.000000	-1.000000	61996.150582		
2013092223024694100	CMGyro	2013-09-22 23:02:46.940	R	22A7CFE3-2413-41D2-80F8-C693F17141F9		0.296614	-0.153233	-0.095822	61996.166212		
2013092223024694800	CMDevMotMag	2013-09-22 23:02:46.948	R	22A7CFE3-2413-41D2-80F8-C693F17141F9		-130.839630	117.982193	-230.357819	0.000000	61996.181600		
2013092223024697100	CMDevMot	2013-09-22 23:02:46.971	R	22A7CFE3-2413-41D2-80F8-C693F17141F9		0.996348	0.084630	0.011312	-0.081825	0.984261	-0.156636	-0.024390	0.155139	0.987592	0.078255	0.008961	-0.041780	0.996017	0.024691	0.155768	-0.085772	0.158260	-0.172608	-0.140525	0.024390	-0.155139	-0.987592	-0.050238	0.113864	0.094113	0.000000	0.000000	0.000000	-1.000000	61996.181841		
2013092223024697200	CMGyro	2013-09-22 23:02:46.971	R	22A7CFE3-2413-41D2-80F8-C693F17141F9		0.267223	-0.200804	-0.129547	61996.197471		
2013092223024698700	CMDevMotMag	2013-09-22 23:02:46.986	R	22A7CFE3-2413-41D2-80F8-C693F17141F9		-129.830582	117.982193	-231.014099	0.000000	61996.220412		
2013092223024700300	CMDevMot	2013-09-22 23:02:47.002	R	22A7CFE3-2413-41D2-80F8-C693F17141F9		0.995987	0.089319	0.005668	-0.087247	0.983093	-0.160982	-0.019951	0.159842	0.986941	0.080549	0.006432	-0.044330	0.995744	0.020212	0.160531	-0.090607	0.168136	-0.141777	-0.143273	0.019951	-0.159842	-0.986941	-0.055992	0.110495	0.148257	0.000000	0.000000	0.000000	-1.000000	61996.213100		
2013092223024700300	CMGyro	2013-09-22 23:02:47.003	R	22A7CFE3-2413-41D2-80F8-C693F17141F9		0.249915	-0.096233	-0.115265	61996.228730		
2013092223024702500	CMDevMotMag	2013-09-22 23:02:47.025	R	22A7CFE3-2413-41D2-80F8-C693F17141F9		-131.175980	118.317368	-231.342255	0.000000	61996.259247		
2013092223024703400	CMDevMot	2013-09-22 23:02:47.034	R	22A7CFE3-2413-41D2-80F8-C693F17141F9		0.995579	0.093865	0.003412	-0.092029	0.982079	-0.164475	-0.018790	0.163433	0.986375	0.082348	0.005576	-0.046684	0.995494	0.019047	0.164170	-0.095289	0.062505	0.015765	-0.153752	0.018790	-0.163433	-0.986375	-0.063605	0.117566	0.182085	0.000000	0.000000	0.000000	-1.000000	61996.244359		
2013092223024703500	CMGyro	2013-09-22 23:02:47.034	R	22A7CFE3-2413-41D2-80F8-C693F17141F9		0.103193	0.102579	-0.136578	61996.259989		
2013092223024706500	CMDevMotMag	2013-09-22 23:02:47.065	R	22A7CFE3-2413-41D2-80F8-C693F17141F9		-129.830582	117.982193	-231.342255	0.000000	61996.298073		
2013092223024706600	CMDevMot	2013-09-22 23:02:47.065	R	22A7CFE3-2413-41D2-80F8-C693F17141F9		0.995105	0.098539	0.007497	-0.095982	0.981768	-0.164070	-0.023528	0.162547	0.986420	0.082032	0.007792	-0.048855	0.995401	0.023847	0.163272	-0.100034	-0.098505	0.186600	-0.137160	0.023528	-0.162547	-0.986420	-0.052321	0.109737	0.116120	0.000000	0.000000	0.000000	-1.000000	61996.275619		
2013092223024706600	CMGyro	2013-09-22 23:02:47.066	R	22A7CFE3-2413-41D2-80F8-C693F17141F9		-0.048151	0.127341	-0.080720	61996.291248		
2013092223024709600	CMDevMot	2013-09-22 23:02:47.096	R	22A7CFE3-2413-41D2-80F8-C693F17141F9		0.994766	0.101486	0.011851	-0.098407	0.982821	-0.156138	-0.027493	0.154155	0.987664	0.077912	0.009879	-0.050192	0.995647	0.027830	0.154772	-0.102895	-0.197527	0.113978	-0.069260	0.027493	-0.154155	-0.987664	-0.025891	0.086070	-0.010718	0.000000	0.000000	0.000000	-1.000000	61996.306878		
2013092223024709700	CMGyro	2013-09-22 23:02:47.097	R	22A7CFE3-2413-41D2-80F8-C693F17141F9		-0.122398	0.079861	-0.035217	61996.322507		
2013092223024710300	CMDevMotMag	2013-09-22 23:02:47.103	R	22A7CFE3-2413-41D2-80F8-C693F17141F9		-128.989716	118.820129	-233.147049	0.000000	61996.336894		
2013092223024712800	CMDevMot	2013-09-22 23:02:47.128	R	22A7CFE3-2413-41D2-80F8-C693F17141F9		0.994514	0.103442	0.015524	-0.099976	0.983662	-0.149715	-0.030757	0.147341	0.988607	0.074574	0.011618	-0.051067	0.995839	0.031101	0.147880	-0.104775	-0.205347	0.075745	-0.055759	0.030757	-0.147341	-0.988607	-0.021998	0.061297	-0.078821	0.000000	0.000000	0.000000	-1.000000	61996.338137		
2013092223024712900	CMGyro	2013-09-22 23:02:47.129	R	22A7CFE3-2413-41D2-80F8-C693F17141F9		-0.004994	0.003409	0.010439	61996.353766		
2013092223024714200	CMDevMotMag	2013-09-22 23:02:47.141	R	22A7CFE3-2413-41D2-80F8-C693F17141F9		-129.998764	119.825668	-231.506317	0.000000	61996.375663		
2013092223024715900	CMDevMot	2013-09-22 23:02:47.158	R	22A7CFE3-2413-41D2-80F8-C693F17141F9		0.994502	0.103483	0.016031	-0.100113	0.984462	-0.144264	-0.030711	0.141866	0.989409	0.071817	0.011732	-0.051101	0.996039	0.031029	0.142346	-0.104732	-0.085393	-0.061636	0.054550	0.030711	-0.141866	-0.989409	0.038793	0.006780	-0.067506	0.000000	0.000000	0.000000	-1.000000	61996.369396		
2013092223024715900	CMGyro	2013-09-22 23:02:47.159	R	22A7CFE3-2413-41D2-80F8-C693F17141F9		-0.030299	-0.121059	0.171041	61996.385025		
2013092223024718100	CMDevMotMag	2013-09-22 23:02:47.180	R	22A7CFE3-2413-41D2-80F8-C693F17141F9		-129.998764	118.820129	-233.147049	0.000000	61996.414484		
2013092223024719000	CMDevMot	2013-09-22 23:02:47.190	R	22A7CFE3-2413-41D2-80F8-C693F17141F9		0.995023	0.098608	0.014336	-0.095653	0.985542	-0.139845	-0.027919	0.137778	0.990070	0.069662	0.010603	-0.048744	0.996323	0.028191	0.138218	-0.099722	-0.217158	-0.157324	0.224500	0.027919	-0.137778	-0.990070	0.024251	-0.007425	0.039661	0.000000	0.000000	0.000000	-1.000000	61996.400655		
2013092223024719000	CMGyro	2013-09-22 23:02:47.190	R	22A7CFE3-2413-41D2-80F8-C693F17141F9		-0.138830	-0.206488	0.288403	61996.416285		
2013092223024722000	CMDevMotMag	2013-09-22 23:02:47.219	R	22A7CFE3-2413-41D2-80F8-C693F17141F9		-131.344162	119.490494	-232.490753	0.000000	61996.453346		
2013092223024722100	CMDevMot	2013-09-22 23:02:47.221	R	22A7CFE3-2413-41D2-80F8-C693F17141F9		0.995861	0.090410	0.009285	-0.088401	0.987296	-0.132028	-0.021104	0.130660	0.991203	0.065884	0.007622	-0.044847	0.996790	0.021288	0.131035	-0.091319	-0.220656	-0.178329	0.262456	0.021104	-0.130660	-0.991203	-0.010682	0.003784	0.058982	0.000000	0.000000	0.000000	-1.000000	61996.431914		
2013092223024722100	CMGyro	2013-09-22 23:02:47.221	R	22A7CFE3-2413-41D2-80F8-C693F17141F9		-0.049666	-0.158564	0.266658	61996.447544		
2013092223024725300	CMDevMot	2013-09-22 23:02:47.252	R	22A7CFE3-2413-41D2-80F8-C693F17141F9		0.996535	0.083023	0.004938	-0.081736	0.988602	-0.126437	-0.015379	0.125595	0.991962	0.063189	0.005094	-0.041308	0.997133	0.015502	0.125928	-0.083784	-0.132436	-0.083114	0.198681	0.015379	-0.125595	-0.991962	-0.025724	0.018402	0.087360	0.000000	0.000000	0.000000	-1.000000	61996.463173		
2013092223024725300	CMGyro	2013-09-22 23:02:47.253	R	22A7CFE3-2413-41D2-80F8-C693F17141F9		-0.001177	-0.045525	0.177206	61996.478803		
2013092223024725800	CMDevMotMag	2013-09-22 23:02:47.258	R	22A7CFE3-2413-41D2-80F8-C693F17141F9		-129.830582	120.328430	-232.326691	0.000000	61996.492235		
