2013092723045522300	Event	Test Begin	Default Test	2013-09-27 23:04:55.212	R	22A7CFE3-2413-41D2-80F8-C693F17141F9	ApioTest version 1.07		
2013092723045522300	Config	Local Default		DevMotRate	32.0	MagnetometerRate	32.0	LocDistanceFilter	20	AccelerometerRate	32.0	GyroRate	32.0		
2013092723045522300	Customer	22A7CFE3-2413-41D2-80F8-C693F17141F9	Kayla	Washenberger	6517697331			
2013092723045522300	Vehicle	Liberty Sport	Jeep	2002				
2013092723045522300	Event	Text	Default Test	2013-09-27 23:04:55.211	R	22A7CFE3-2413-41D2-80F8-C693F17141F9	Driver		
2013092723045524200	CMDevMot	2013-09-27 23:04:55.242	R	22A7CFE3-2413-41D2-80F8-C693F17141F9		0.999280	0.003935	0.037731	0.003119	0.982720	-0.185075	-0.037807	0.185059	0.982000	0.092953	0.018970	-0.000205	0.995490	0.038481	0.186132	-0.004004	-0.333144	-0.059061	-0.079876	0.037807	-0.185059	-0.982000	-0.001399	0.006257	0.042257	0.000000	0.000000	0.000000	-1.000000	74654.087144		
2013092723045524300	CMGyro	2013-09-27 23:04:55.242	R	22A7CFE3-2413-41D2-80F8-C693F17141F9		-0.247119	0.014942	-0.027862	74654.102775		
2013092723045526200	CMDevMotMag	2013-09-27 23:04:55.262	R	22A7CFE3-2413-41D2-80F8-C693F17141F9		-146.648026	137.757614	-216.903870	0.000000	74654.135367		
2013092723045526700	CMDevMot	2013-09-27 23:04:55.266	R	22A7CFE3-2413-41D2-80F8-C693F17141F9		0.999290	0.005027	0.037348	0.001546	0.984759	-0.173915	-0.037653	0.173849	0.984052	0.087290	0.018826	-0.000874	0.996005	0.038245	0.174737	-0.005105	-0.375315	-0.057560	-0.012391	0.037653	-0.173849	-0.984052	0.045797	-0.017176	-0.032031	0.000000	0.000000	0.000000	-1.000000	74654.118407		
2013092723045526700	CMGyro	2013-09-27 23:04:55.267	R	22A7CFE3-2413-41D2-80F8-C693F17141F9		-0.144576	-0.072409	0.036564	74654.134038		
2013092723045527100	Event	Bluetooth	Default Test	2013-09-27 23:04:55.271	R	22A7CFE3-2413-41D2-80F8-C693F17141F9	Bluetooth is currently powered on and available to use.		
2013092723045529900	CMDevMot	2013-09-27 23:04:55.298	R	22A7CFE3-2413-41D2-80F8-C693F17141F9		0.999336	0.004641	0.036130	0.001457	0.985965	-0.166944	-0.036397	0.166886	0.985304	0.083766	0.018199	-0.000799	0.996319	0.036923	0.167671	-0.004707	-0.102122	-0.011788	-0.005193	0.036397	-0.166886	-0.985304	-0.012441	-0.010940	-0.070162	0.000000	0.000000	0.000000	-1.000000	74654.149669		
2013092723045529900	CMGyro	2013-09-27 23:04:55.299	R	22A7CFE3-2413-41D2-80F8-C693F17141F9		0.101240	0.011431	0.007340	74654.165301		
2013092723045530000	CMDevMotMag	2013-09-27 23:04:55.300	R	22A7CFE3-2413-41D2-80F8-C693F17141F9		-147.152542	137.254852	-215.755356	0.000000	74654.174246		
2013092723045532800	CMDevMot	2013-09-27 23:04:55.328	R	22A7CFE3-2413-41D2-80F8-C693F17141F9		0.999309	0.005350	0.036787	0.000842	0.986081	-0.166262	-0.037164	0.166178	0.985395	0.083415	0.018556	-0.001131	0.996341	0.037697	0.166953	-0.005425	-0.003654	0.039329	-0.016258	0.037164	-0.166178	-0.985395	0.008521	-0.012533	-0.003954	0.000000	0.000000	0.000000	-1.000000	74654.180932		
2013092723045532900	CMGyro	2013-09-27 23:04:55.329	R	22A7CFE3-2413-41D2-80F8-C693F17141F9		0.105828	0.026539	0.020077	74654.196564		
2013092723045533000	Location	2013-09-27 23:04:55.330	R	22A7CFE3-2413-41D2-80F8-C693F17141F9		44.834099	-92.934884	278.040932	5.000000	3.000000	0.000000	-1.000000	20130927230455305		
2013092723045533800	CMDevMotMag	2013-09-27 23:04:55.337	R	22A7CFE3-2413-41D2-80F8-C693F17141F9		-147.488892	136.919678	-216.411652	0.000000	74654.213194		
2013092723045536000	CMDevMot	2013-09-27 23:04:55.360	R	22A7CFE3-2413-41D2-80F8-C693F17141F9		0.999262	0.005621	0.037997	0.000751	0.986186	-0.165641	-0.038403	0.165547	0.985454	0.083100	0.019170	-0.001222	0.996356	0.038950	0.166313	-0.005700	-0.053901	0.042256	-0.007731	0.038403	-0.165547	-0.985454	-0.000088	-0.015514	0.027187	0.000000	0.000000	0.000000	-1.000000	74654.212195		
2013092723045536100	CMGyro	2013-09-27 23:04:55.361	R	22A7CFE3-2413-41D2-80F8-C693F17141F9		-0.008531	0.010572	0.011427	74654.227826		
2013092723045537700	CMDevMotMag	2013-09-27 23:04:55.376	R	22A7CFE3-2413-41D2-80F8-C693F17141F9		-147.825241	137.590027	-217.396088	0.000000	74654.252081		
2013092723045539100	CMDevMot	2013-09-27 23:04:55.391	R	22A7CFE3-2413-41D2-80F8-C693F17141F9		0.999250	0.005962	0.038256	0.000401	0.986427	-0.164201	-0.038716	0.164094	0.985685	0.082369	0.019312	-0.001395	0.996414	0.039258	0.164839	-0.006044	-0.185826	0.024429	-0.028394	0.038716	-0.164094	-0.985685	-0.006840	-0.011627	0.052121	0.000000	0.000000	0.000000	-1.000000	74654.243458		
2013092723045539200	CMGyro	2013-09-27 23:04:55.392	R	22A7CFE3-2413-41D2-80F8-C693F17141F9		-0.123384	-0.004761	-0.025466	74654.259089		
2013092723045541600	CMDevMotMag	2013-09-27 23:04:55.416	R	22A7CFE3-2413-41D2-80F8-C693F17141F9		-148.161591	138.260391	-216.739792	0.000000	74654.290988		
2013092723045542300	CMDevMot	2013-09-27 23:04:55.422	R	22A7CFE3-2413-41D2-80F8-C693F17141F9		0.999278	0.007299	0.037299	-0.001260	0.987209	-0.159429	-0.037985	0.159266	0.986505	0.079944	0.018885	-0.002147	0.996618	0.038486	0.159948	-0.007393	-0.233724	-0.008271	-0.077977	0.037985	-0.159266	-0.986505	-0.000082	-0.011220	-0.018622	0.000000	0.000000	0.000000	-1.000000	74654.274721		
2013092723045542300	CMGyro	2013-09-27 23:04:55.423	R	22A7CFE3-2413-41D2-80F8-C693F17141F9		-0.071166	-0.098916	-0.049945	74654.290352		
2013092723045545400	CMDevMot	2013-09-27 23:04:55.454	R	22A7CFE3-2413-41D2-80F8-C693F17141F9		0.999317	0.009473	0.035731	-0.003839	0.987979	-0.154543	-0.036765	0.154301	0.987340	0.077457	0.018182	-0.003339	0.996824	0.037219	0.154920	-0.009588	-0.101327	-0.091392	-0.062531	0.036765	-0.154301	-0.987340	0.010354	-0.006023	-0.027461	0.000000	0.000000	0.000000	-1.000000	74654.305983		
2013092723045545500	CMGyro	2013-09-27 23:04:55.455	R	22A7CFE3-2413-41D2-80F8-C693F17141F9		-0.009708	-0.227680	-0.074820	74654.321615		
2013092723045545500	CMDevMotMag	2013-09-27 23:04:55.455	R	22A7CFE3-2413-41D2-80F8-C693F17141F9		-146.984375	138.763153	-217.888306	0.000000	74654.329910		
2013092723045548400	CMDevMot	2013-09-27 23:04:55.484	R	22A7CFE3-2413-41D2-80F8-C693F17141F9		0.999509	0.012037	0.028918	-0.007514	0.988395	-0.151722	-0.030408	0.151431	0.988000	0.076018	0.014876	-0.004903	0.996983	0.030768	0.152016	-0.012178	-0.168950	-0.351791	-0.070680	0.030408	-0.151431	-0.988000	0.008181	-0.014051	0.003778	0.000000	0.000000	0.000000	-1.000000	74654.337246		
2013092723045548500	CMGyro	2013-09-27 23:04:55.484	R	22A7CFE3-2413-41D2-80F8-C693F17141F9		-0.153391	-0.602131	-0.037464	74654.352877		
2013092723045549400	CMDevMotMag	2013-09-27 23:04:55.494	R	22A7CFE3-2413-41D2-80F8-C693F17141F9		-148.329758	139.433502	-215.919434	0.000000	74654.368755		
2013092723045551800	CMDevMot	2013-09-27 23:04:55.517	R	22A7CFE3-2413-41D2-80F8-C693F17141F9		0.999844	0.014487	0.010056	-0.012897	0.989594	-0.143309	-0.012027	0.143157	0.989627	0.071805	0.005535	-0.006864	0.997380	0.012153	0.143651	-0.014639	-0.387383	-0.608458	-0.149582	0.012027	-0.143157	-0.989627	-0.043796	-0.039201	-0.007688	0.000000	0.000000	0.000000	-1.000000	74654.368509		
2013092723045551900	CMGyro	2013-09-27 23:04:55.519	R	22A7CFE3-2413-41D2-80F8-C693F17141F9		-0.255301	-0.591121	-0.252198	74654.384140		
2013092723045553300	CMDevMotMag	2013-09-27 23:04:55.533	R	22A7CFE3-2413-41D2-80F8-C693F17141F9		-149.506989	139.601089	-215.099075	0.000000	74654.407578		
2013092723045554900	CMDevMot	2013-09-27 23:04:55.548	R	22A7CFE3-2413-41D2-80F8-C693F17141F9		0.999682	0.023959	-0.007817	-0.024781	0.990967	-0.131798	0.004589	0.131949	0.991246	0.066086	-0.003109	-0.012213	0.997734	-0.004629	0.132335	-0.024173	-0.310405	-0.538744	-0.395362	-0.004589	-0.131949	-0.991246	-0.036411	-0.024514	-0.081157	0.000000	0.000000	0.000000	-1.000000	74654.399772		
2013092723045554900	CMGyro	2013-09-27 23:04:55.549	R	22A7CFE3-2413-41D2-80F8-C693F17141F9		-0.052685	-0.482362	-0.357850	74654.415403		
2013092723045557100	CMDevMotMag	2013-09-27 23:04:55.571	R	22A7CFE3-2413-41D2-80F8-C693F17141F9		-149.338806	138.763153	-215.591293	0.000000	74654.446560		
2013092723045558000	CMDevMot	2013-09-27 23:04:55.579	R	22A7CFE3-2413-41D2-80F8-C693F17141F9		0.999158	0.035563	-0.020464	-0.037886	0.991128	-0.127397	0.015752	0.128065	0.991641	0.064010	-0.009074	-0.018404	0.997738	-0.015883	0.128418	-0.035865	0.034151	-0.234745	-0.337580	-0.015752	-0.128065	-0.991641	0.039998	0.035490	-0.095258	0.000000	0.000000	0.000000	-1.000000	74654.431034		
2013092723045558000	CMGyro	2013-09-27 23:04:55.580	R	22A7CFE3-2413-41D2-80F8-C693F17141F9		0.197612	-0.261894	-0.277760	74654.446666		
2013092723045561100	CMDevMotMag	2013-09-27 23:04:55.610	R	22A7CFE3-2413-41D2-80F8-C693F17141F9		-149.002457	138.427979	-214.606857	0.000000	74654.485392		
2013092723045561100	CMDevMot	2013-09-27 23:04:55.611	R	22A7CFE3-2413-41D2-80F8-C693F17141F9		0.998537	0.045417	-0.029346	-0.048744	0.990973	-0.124884	0.023409	0.126132	0.991737	0.062902	-0.013220	-0.023596	0.997653	-0.023600	0.126469	-0.045799	0.014282	-0.209246	-0.351298	-0.023409	-0.126132	-0.991737	-0.029905	0.024417	-0.049934	0.000000	0.000000	0.000000	-1.000000	74654.462297		
2013092723045561200	CMGyro	2013-09-27 23:04:55.611	R	22A7CFE3-2413-41D2-80F8-C693F17141F9		0.263024	-0.097437	-0.552499	74654.477929		
2013092723045564200	CMDevMot	2013-09-27 23:04:55.642	R	22A7CFE3-2413-41D2-80F8-C693F17141F9		0.997239	0.067406	-0.031156	-0.070924	0.988885	-0.130673	0.022002	0.132522	0.990936	0.065988	-0.013328	-0.034682	0.997128	-0.022199	0.132913	-0.068058	0.327829	0.106254	-1.113904	-0.022002	-0.132522	-0.990936	-0.232927	0.125228	-0.074463	0.000000	0.000000	0.000000	-1.000000	74654.493560		
2013092723045564200	CMGyro	2013-09-27 23:04:55.642	R	22A7CFE3-2413-41D2-80F8-C693F17141F9		0.294634	0.139986	-1.414764	74654.509191		
2013092723045564900	CMDevMotMag	2013-09-27 23:04:55.649	R	22A7CFE3-2413-41D2-80F8-C693F17141F9		-148.329758	137.087265	-214.934998	0.000000	74654.524284		
2013092723045568800	CMDevMotMag	2013-09-27 23:04:55.688	R	22A7CFE3-2413-41D2-80F8-C693F17141F9		-147.488892	136.919678	-216.411652	0.000000	74654.563223		
2013092723045568900	CMDevMot	2013-09-27 23:04:55.688	R	22A7CFE3-2413-41D2-80F8-C693F17141F9		0.993231	0.112025	-0.030688	-0.115139	0.984411	-0.132959	0.015315	0.135592	0.990646	0.067406	-0.011546	-0.057017	0.996028	-0.015458	0.136011	-0.113312	-0.272475	-0.333420	-1.533292	-0.015315	-0.135592	-0.990646	-0.083410	0.086123	0.049194	0.000000	0.000000	0.000000	-1.000000	74654.524823		
2013092723045568900	CMGyro	2013-09-27 23:04:55.689	R	22A7CFE3-2413-41D2-80F8-C693F17141F9		-0.960414	-1.357745	-1.569368	74654.556086		
2013092723045572000	CMDevMot	2013-09-27 23:04:55.719	R	22A7CFE3-2413-41D2-80F8-C693F17141F9		0.984615	0.162013	-0.065466	-0.168064	0.980593	-0.100953	0.047840	0.110402	0.992735	0.053119	-0.028477	-0.082956	0.994729	-0.048153	0.110628	-0.163740	-0.915862	-1.728791	-1.560903	-0.047840	-0.110402	-0.992735	0.022968	0.113729	-0.204622	-30.171618	-36.084480	-37.423206	1.000000	74654.571717		
2013092723045572000	CMGyro	2013-09-27 23:04:55.720	R	22A7CFE3-2413-41D2-80F8-C693F17141F9		-0.362655	-1.914851	-1.452981	74654.587348		
2013092723045572700	CMDevMotMag	2013-09-27 23:04:55.726	R	22A7CFE3-2413-41D2-80F8-C693F17141F9		-148.834290	134.238266	-213.786499	0.000000	74654.602036		
2013092723045575100	CMDevMot	2013-09-27 23:04:55.750	R	22A7CFE3-2413-41D2-80F8-C693F17141F9		0.970676	0.209284	-0.118271	-0.218903	0.972853	-0.075097	0.099343	0.098784	0.990138	0.043835	-0.054860	-0.107945	0.991674	-0.099998	0.098946	-0.211894	-0.323653	-1.647946	-1.523216	-0.099343	-0.098784	-0.990138	-0.041129	0.172591	0.018321	-29.835640	-36.555023	-37.235432	1.000000	74654.602980		
2013092723045575100	CMGyro	2013-09-27 23:04:55.751	R	22A7CFE3-2413-41D2-80F8-C693F17141F9		0.025580	-0.918416	-1.711628	74654.618611		
2013092723045576500	CMDevMotMag	2013-09-27 23:04:55.765	R	22A7CFE3-2413-41D2-80F8-C693F17141F9		-148.161591	132.227203	-212.145767	0.000000	74654.640858		
2013092723045578200	CMDevMot	2013-09-27 23:04:55.782	R	22A7CFE3-2413-41D2-80F8-C693F17141F9		0.954160	0.262896	-0.143053	-0.274295	0.959343	-0.066509	0.119752	0.102699	0.987478	0.042835	-0.066530	-0.135991	0.987545	-0.120681	0.102880	-0.267471	0.065325	-0.344712	-1.945001	-0.119752	-0.102699	-0.987478	-0.056014	0.115104	0.049718	-29.879303	-38.084179	-35.633339	1.000000	74654.634243		
2013092723045578300	CMGyro	2013-09-27 23:04:55.782	R	22A7CFE3-2413-41D2-80F8-C693F17141F9		-0.003243	-0.651425	-2.043875	74654.649874		
2013092723045580600	CMDevMotMag	2013-09-27 23:04:55.806	R	22A7CFE3-2413-41D2-80F8-C693F17141F9		-145.807144	130.216141	-212.802063	0.000000	74654.679681		
2013092723045581300	CMDevMot	2013-09-27 23:04:55.813	R	22A7CFE3-2413-41D2-80F8-C693F17141F9		0.931339	0.325929	-0.162412	-0.338302	0.939448	-0.054678	0.134756	0.105868	0.985207	0.040879	-0.075667	-0.169130	0.981834	-0.135936	0.106067	-0.333943	-0.320143	-0.994426	-2.257078	-0.134756	-0.105868	-0.985207	-0.016855	0.047885	-0.059395	-28.025530	-39.851299	-35.204494	1.000000	74654.665505		
2013092723045581300	CMGyro	2013-09-27 23:04:55.813	R	22A7CFE3-2413-41D2-80F8-C693F17141F9		-0.471343	-1.389597	-2.226349	74654.681137		
2013092723045583100	Heading	2013-09-27 23:04:55.831	R	22A7CFE3-2413-41D2-80F8-C693F17141F9		145.990158	146.167007	35.000000	-27.178741	-37.697372	-33.479980	20130927230455829		
2013092723045584300	CMDevMotMag	2013-09-27 23:04:55.843	R	22A7CFE3-2413-41D2-80F8-C693F17141F9		-146.143494	129.880966	-211.489471	0.000000	74654.718289		
2013092723045584400	CMDevMot	2013-09-27 23:04:55.844	R	22A7CFE3-2413-41D2-80F8-C693F17141F9		0.898797	0.392860	-0.194486	-0.403980	0.914559	-0.019556	0.170186	0.096145	0.980710	0.029700	-0.093610	-0.204545	0.973918	-0.171823	0.096294	-0.405728	-0.946581	-1.548961	-2.090342	-0.170186	-0.096145	-0.980710	0.157827	0.001114	0.080365	-26.393835	-41.324566	-34.764324	1.000000	74654.696768		
2013092723045584500	CMGyro	2013-09-27 23:04:55.844	R	22A7CFE3-2413-41D2-80F8-C693F17141F9		-1.135254	-1.552531	-1.946207	74654.712400		
2013092723045585700	Heading	2013-09-27 23:04:55.856	R	22A7CFE3-2413-41D2-80F8-C693F17141F9		148.055176	148.232025	35.000000	-27.038589	-37.837021	-33.329575	20130927230455855		
2013092723045587600	CMDevMot	2013-09-27 23:04:55.876	R	22A7CFE3-2413-41D2-80F8-C693F17141F9		0.862774	0.456289	-0.217766	-0.460135	0.887127	0.035789	0.209517	0.069324	0.975345	0.008687	-0.110690	-0.237405	0.965045	-0.211597	0.069379	-0.475057	-1.441268	-1.237542	-2.026524	-0.209517	-0.069324	-0.975345	0.046965	-0.020215	0.194293	-25.819679	-41.748344	-34.689083	1.000000	74654.728031		
2013092723045587600	CMGyro	2013-09-27 23:04:55.876	R	22A7CFE3-2413-41D2-80F8-C693F17141F9		-1.403558	-0.875097	-2.184008	74654.743662		
2013092723045588100	CMDevMotMag	2013-09-27 23:04:55.881	R	22A7CFE3-2413-41D2-80F8-C693F17141F9		-142.948181	130.048553	-212.966125	0.000000	74654.757035		
2013092723045588300	Heading	2013-09-27 23:04:55.882	R	22A7CFE3-2413-41D2-80F8-C693F17141F9		151.494186	151.671036	35.000000	-26.500427	-37.971085	-33.485458	20130927230455881		
2013092723045590800	CMDevMot	2013-09-27 23:04:55.907	R	22A7CFE3-2413-41D2-80F8-C693F17141F9		0.822948	0.524935	-0.217255	-0.518938	0.850209	0.088588	0.231215	0.039839	0.972087	-0.012766	-0.117447	-0.273372	0.954626	-0.233515	0.039850	-0.553129	-1.387684	-0.574300	-2.319916	-0.231215	-0.039839	-0.972087	0.079116	-0.092958	0.159693	-24.784370	-41.952099	-35.194733	1.000000	74654.759294		
2013092723045590800	CMGyro	2013-09-27 23:04:55.908	R	22A7CFE3-2413-41D2-80F8-C693F17141F9		-0.899004	-0.152731	-2.278181	74654.774925		
2013092723045590900	Heading	2013-09-27 23:04:55.909	R	22A7CFE3-2413-41D2-80F8-C693F17141F9		155.387085	155.563934	35.000000	-25.407303	-38.524124	-33.830002	20130927230455907		
2013092723045592000	CMDevMotMag	2013-09-27 23:04:55.920	R	22A7CFE3-2413-41D2-80F8-C693F17141F9		-141.098267	126.864380	-214.770935	0.000000	74654.795874		
2013092723045593500	Heading	2013-09-27 23:04:55.934	R	22A7CFE3-2413-41D2-80F8-C693F17141F9		157.575073	157.751923	35.000000	-24.045074	-39.345322	-33.912033	20130927230455933		
2013092723045593800	CMDevMot	2013-09-27 23:04:55.938	R	22A7CFE3-2413-41D2-80F8-C693F17141F9		0.782839	0.587270	-0.205616	-0.577528	0.808769	0.111150	0.231571	0.031736	0.972300	-0.021033	-0.115791	-0.308501	0.943916	-0.233812	0.031742	-0.628047	-0.134033	0.220773	-2.166697	-0.231571	-0.031736	-0.972300	0.068882	0.007322	-0.135564	-21.436478	-42.086952	-37.176315	1.000000	74654.790557		
2013092723045593900	CMGyro	2013-09-27 23:04:55.939	R	22A7CFE3-2413-41D2-80F8-C693F17141F9		0.524638	0.040764	-2.079493	74654.806188		
2013092723045595900	CMDevMotMag	2013-09-27 23:04:55.959	R	22A7CFE3-2413-41D2-80F8-C693F17141F9		-137.062088	124.182968	-214.114639	0.000000	74654.834788		
2013092723045596100	Heading	2013-09-27 23:04:55.960	R	22A7CFE3-2413-41D2-80F8-C693F17141F9		160.732071	160.908920	35.000000	-22.430603	-40.216782	-34.207382	20130927230455959		
2013092723045597000	CMDevMot	2013-09-27 23:04:55.969	R	22A7CFE3-2413-41D2-80F8-C693F17141F9		0.743826	0.634507	-0.210057	-0.629102	0.770788	0.100583	0.225730	0.057331	0.972501	-0.011581	-0.116684	-0.338337	0.933691	-0.228074	0.057363	-0.688724	0.338008	0.131865	-1.955038	-0.225730	-0.057331	-0.972501	0.133597	-0.081875	0.348875	-18.397644	-43.357567	-37.343822	1.000000	74654.821820		
2013092723045597000	CMGyro	2013-09-27 23:04:55.970	R	22A7CFE3-2413-41D2-80F8-C693F17141F9		0.166963	0.473485	-1.678110	74654.837451		
2013092723045598700	Heading	2013-09-27 23:04:55.987	R	22A7CFE3-2413-41D2-80F8-C693F17141F9		163.433105	163.609955	35.000000	-20.328430	-41.037964	-34.650375	20130927230455985		
2013092723045599800	CMDevMotMag	2013-09-27 23:04:55.998	R	22A7CFE3-2413-41D2-80F8-C693F17141F9		-134.371292	126.864380	-215.427216	0.000000	74654.873680		
2013092723045600100	CMDevMot	2013-09-27 23:04:56.001	R	22A7CFE3-2413-41D2-80F8-C693F17141F9		0.711252	0.673968	-0.199719	-0.670571	0.735762	0.094809	0.210844	0.066493	0.975256	-0.007653	-0.110967	-0.363401	0.924969	-0.212917	0.066542	-0.741592	-0.555135	0.240778	-1.610694	-0.210844	-0.066493	-0.975256	0.041395	-0.084233	0.288046	-16.989168	-44.150200	-37.081535	1.000000	74654.853082		
2013092723045600100	CMGyro	2013-09-27 23:04:56.001	R	22A7CFE3-2413-41D2-80F8-C693F17141F9		-1.125004	-0.127276	-1.560303	74654.868714		
2013092723045601300	Heading	2013-09-27 23:04:56.012	R	22A7CFE3-2413-41D2-80F8-C693F17141F9		166.059174	166.236023	35.000000	-18.343979	-41.540733	-35.109772	20130927230456011		
2013092723045603200	CMDevMot	2013-09-27 23:04:56.032	R	22A7CFE3-2413-41D2-80F8-C693F17141F9		0.676601	0.715697	-0.173172	-0.705848	0.697370	0.124315	0.209736	0.038121	0.977015	-0.023543	-0.104587	-0.388279	0.915285	-0.211461	0.038131	-0.798367	-1.612735	-0.033956	-1.551392	-0.209736	-0.038121	-0.977015	0.052403	-0.014689	0.136057	-14.164515	-44.887413	-37.381805	1.000000	74654.884345		
2013092723045603300	CMGyro	2013-09-27 23:04:56.032	R	22A7CFE3-2413-41D2-80F8-C693F17141F9		-1.540300	-0.043923	-1.559249	74654.899977		
2013092723045603700	CMDevMotMag	2013-09-27 23:04:56.037	R	22A7CFE3-2413-41D2-80F8-C693F17141F9		-132.016861	128.540253	-217.724228	0.000000	74654.912581		
2013092723045603800	Heading	2013-09-27 23:04:56.038	R	22A7CFE3-2413-41D2-80F8-C693F17141F9		168.969879	169.146729	35.000000	-16.460419	-41.674805	-35.700439	20130927230456037		
2013092723045606300	CMDevMot	2013-09-27 23:04:56.063	R	22A7CFE3-2413-41D2-80F8-C693F17141F9		0.638887	0.756857	-0.137810	-0.740091	0.653580	0.158422	0.209973	0.000779	0.977707	-0.043587	-0.096160	-0.413896	0.904181	-0.211547	0.000779	-0.858491	-1.352063	-0.075102	-1.745095	-0.209973	-0.000779	-0.977707	0.040051	-0.005554	-0.157150	-10.970085	-43.262611	-40.260605	1.000000	74654.915608		
2013092723045606400	CMGyro	2013-09-27 23:04:56.064	R	22A7CFE3-2413-41D2-80F8-C693F17141F9		-0.775220	-0.148743	-1.735256	74654.931240		
2013092723045606500	Heading	2013-09-27 23:04:56.064	R	22A7CFE3-2413-41D2-80F8-C693F17141F9		170.815018	170.991867	35.000000	-14.879578	-41.473701	-36.684860	20130927230456063		
2013092723045607600	CMDevMotMag	2013-09-27 23:04:56.075	R	22A7CFE3-2413-41D2-80F8-C693F17141F9		-130.671463	127.869904	-218.052383	0.000000	74654.951333		
2013092723045609000	Heading	2013-09-27 23:04:56.089	R	22A7CFE3-2413-41D2-80F8-C693F17141F9		173.558960	173.735809	35.000000	-13.281937	-41.054733	-37.423203	20130927230456088		
2013092723045609500	CMDevMot	2013-09-27 23:04:56.094	R	22A7CFE3-2413-41D2-80F8-C693F17141F9		0.595502	0.794311	-0.120195	-0.774320	0.607379	0.177535	0.214022	-0.012653	0.976747	-0.053329	-0.093715	-0.439848	0.891576	-0.215708	-0.012654	-0.917978	-0.454877	-0.073276	-1.777391	-0.214022	0.012653	-0.976747	-0.010206	0.022869	-0.050322	-8.768744	-42.177818	-41.917221	1.000000	74654.946871		
2013092723045609500	CMGyro	2013-09-27 23:04:56.095	R	22A7CFE3-2413-41D2-80F8-C693F17141F9		-0.103719	0.237646	-1.855864	74654.962503		
2013092723045611500	CMDevMotMag	2013-09-27 23:04:56.114	R	22A7CFE3-2413-41D2-80F8-C693F17141F9		-126.130753	127.702316	-218.216446	0.000000	74654.990180		
2013092723045611600	Heading	2013-09-27 23:04:56.115	R	22A7CFE3-2413-41D2-80F8-C693F17141F9		176.544296	176.721146	35.000000	-11.549744	-40.769836	-38.259964	20130927230456114		
2013092723045612500	CMDevMot	2013-09-27 23:04:56.125	R	22A7CFE3-2413-41D2-80F8-C693F17141F9		0.547847	0.829400	-0.109358	-0.810267	0.558590	0.177323	0.208158	-0.008537	0.978058	-0.052913	-0.090395	-0.466803	0.878137	-0.209699	-0.008537	-0.978086	-0.349874	0.251263	-2.004989	-0.208158	0.008537	-0.978058	0.033369	0.049737	0.142929	-6.377004	-42.032658	-42.491199	1.000000	74654.978134		
2013092723045612600	CMGyro	2013-09-27 23:04:56.125	R	22A7CFE3-2413-41D2-80F8-C693F17141F9		-0.463371	0.031796	-2.040332	74654.993765		
2013092723045614300	Heading	2013-09-27 23:04:56.142	R	22A7CFE3-2413-41D2-80F8-C693F17141F9		178.979736	179.156586	35.000000	-9.783905	-40.484932	-39.063919	20130927230456140		
2013092723045615300	CMDevMotMag	2013-09-27 23:04:56.153	R	22A7CFE3-2413-41D2-80F8-C693F17141F9		-122.094574	129.043030	-219.857178	0.000000	74655.029069		
2013092723045615700	CMDevMot	2013-09-27 23:04:56.157	R	22A7CFE3-2413-41D2-80F8-C693F17141F9		0.493205	0.865120	-0.091193	-0.845099	0.501356	0.185608	0.206294	-0.014476	0.978383	-0.058021	-0.086267	-0.495939	0.862111	-0.207808	-0.014476	-1.045571	-0.869730	0.098152	-2.102501	-0.206294	0.014476	-0.978383	0.107066	0.039281	0.235570	-4.898947	-42.015312	-42.703941	1.000000	74655.009397		
2013092723045615800	CMGyro	2013-09-27 23:04:56.158	R	22A7CFE3-2413-41D2-80F8-C693F17141F9		-1.053560	0.179105	-2.126814	74655.025028		
2013092723045616800	Heading	2013-09-27 23:04:56.167	R	22A7CFE3-2413-41D2-80F8-C693F17141F9		182.239685	182.416534	35.000000	-7.664917	-40.283829	-39.654587	20130927230456166		
2013092723045618900	CMDevMot	2013-09-27 23:04:56.188	R	22A7CFE3-2413-41D2-80F8-C693F17141F9		0.434725	0.898753	-0.057068	-0.877301	0.436954	0.198530	0.203365	-0.036240	0.978432	-0.069531	-0.077132	-0.526012	0.844114	-0.204930	-0.036248	-1.118267	-1.214116	0.053482	-2.050785	-0.203365	0.036240	-0.978432	0.160320	0.181991	0.161934	-2.081231	-41.387684	-43.538956	1.000000	74655.040660		
2013092723045618900	CMGyro	2013-09-27 23:04:56.189	R	22A7CFE3-2413-41D2-80F8-C693F17141F9		-0.714713	0.837974	-1.660438	74655.056291		
2013092723045619200	CMDevMotMag	2013-09-27 23:04:56.192	R	22A7CFE3-2413-41D2-80F8-C693F17141F9		-120.244644	130.886490	-221.333832	0.000000	74655.067972		
2013092723045619400	Heading	2013-09-27 23:04:56.193	R	22A7CFE3-2413-41D2-80F8-C693F17141F9		185.662811	185.839661	35.000000	-5.512276	-39.747559	-40.245270	20130927230456192		
2013092723045622000	CMDevMot	2013-09-27 23:04:56.219	R	22A7CFE3-2413-41D2-80F8-C693F17141F9		0.386486	0.921993	-0.023605	-0.904689	0.383961	0.184691	0.179347	-0.050026	0.982513	-0.070732	-0.061159	-0.550469	0.829602	-0.180551	-0.050046	-1.176192	-0.537129	1.364528	-1.674171	-0.179347	0.050026	-0.982513	-0.006398	-0.107216	0.075699	2.274465	-39.100487	-45.594864	1.000000	74655.071922		
2013092723045622000	CMGyro	2013-09-27 23:04:56.220	R	22A7CFE3-2413-41D2-80F8-C693F17141F9		-0.425968	0.793919	-1.687811	74655.087554		
2013092723045622100	Heading	2013-09-27 23:04:56.221	R	22A7CFE3-2413-41D2-80F8-C693F17141F9		188.189178	188.366028	35.000000	-2.972839	-39.026932	-41.049225	20130927230456218		
2013092723045623100	CMDevMotMag	2013-09-27 23:04:56.231	R	22A7CFE3-2413-41D2-80F8-C693F17141F9		-115.703949	131.054077	-221.826050	0.000000	74655.106840		
2013092723045624500	Heading	2013-09-27 23:04:56.245	R	22A7CFE3-2413-41D2-80F8-C693F17141F9		190.505127	190.681976	35.000000	-0.752937	-38.222504	-41.836777	20130927230456244		
2013092723045625100	CMDevMot	2013-09-27 23:04:56.251	R	22A7CFE3-2413-41D2-80F8-C693F17141F9		0.336058	0.941841	0.000484	-0.929205	0.331465	0.163428	0.153762	-0.055371	0.986555	-0.067152	-0.047043	-0.574245	0.814567	-0.154614	-0.055400	-1.232400	-0.324644	0.650737	-1.797661	-0.153762	0.055371	-0.986555	-0.106019	-0.083997	-0.047914	6.019775	-38.108437	-46.091450	1.000000	74655.103186		
2013092723045625100	CMGyro	2013-09-27 23:04:56.251	R	22A7CFE3-2413-41D2-80F8-C693F17141F9		0.133668	0.315242	-1.544075	74655.118817		
2013092723045627000	CMDevMotMag	2013-09-27 23:04:56.270	R	22A7CFE3-2413-41D2-80F8-C693F17141F9		-112.508636	132.562378	-221.990112	0.000000	74655.145622		
2013092723045627100	Heading	2013-09-27 23:04:56.271	R	22A7CFE3-2413-41D2-80F8-C693F17141F9		193.273315	193.450165	35.000000	1.618317	-37.535400	-42.214142	20130927230456270		
2013092723045628300	CMDevMot	2013-09-27 23:04:56.282	R	22A7CFE3-2413-41D2-80F8-C693F17141F9		0.289228	0.957257	0.002664	-0.945358	0.285193	0.157998	0.150484	-0.048216	0.987436	-0.064418	-0.046177	-0.594352	0.800290	-0.151235	-0.048234	-1.281242	0.050412	-0.290260	-1.487464	-0.150484	0.048216	-0.987436	0.215014	-0.064192	-0.154532	8.852375	-37.313271	-46.284645	1.000000	74655.134448		
2013092723045628300	CMGyro	2013-09-27 23:04:56.283	R	22A7CFE3-2413-41D2-80F8-C693F17141F9		0.312013	-0.931141	-1.487944	74655.150080		
2013092723045629800	Heading	2013-09-27 23:04:56.297	R	22A7CFE3-2413-41D2-80F8-C693F17141F9		195.289658	195.466507	35.000000	3.030975	-37.501877	-42.542282	20130927230456296		
2013092723045630900	CMDevMotMag	2013-09-27 23:04:56.308	R	22A7CFE3-2413-41D2-80F8-C693F17141F9		-114.190369	130.886490	-222.318268	0.000000	74655.184434		
2013092723045631400	CMDevMot	2013-09-27 23:04:56.314	R	22A7CFE3-2413-41D2-80F8-C693F17141F9		0.241160	0.970412	-0.011933	-0.953915	0.239287	0.181076	0.178574	-0.032285	0.983397	-0.067964	-0.060684	-0.612974	0.784832	-0.179631	-0.032290	-1.329036	0.416629	-0.923016	-1.774533	-0.178574	0.032285	-0.983397	-0.031906	-0.047940	-0.053728	9.703844	-37.131863	-46.259842	1.000000	74655.165711		
2013092723045631500	CMGyro	2013-09-27 23:04:56.314	R	22A7CFE3-2413-41D2-80F8-C693F17141F9		0.305430	-1.191907	-1.896095	74655.181343		
2013092723045632400	Heading	2013-09-27 23:04:56.323	R	22A7CFE3-2413-41D2-80F8-C693F17141F9		198.247894	198.424744	35.000000	4.258644	-37.451599	-42.525879	20130927230456322		
2013092723045634500	CMDevMot	2013-09-27 23:04:56.344	R	22A7CFE3-2413-41D2-80F8-C693F17141F9		0.179487	0.983471	-0.023846	-0.959645	0.180370	0.215750	0.216485	-0.015841	0.976157	-0.075762	-0.078622	-0.635669	0.764201	-0.218241	-0.015841	-1.389411	-0.130157	-1.316506	-2.220925	-0.216485	0.015841	-0.976157	0.174630	-0.399874	0.162925	10.323279	-36.997307	-46.233555	1.000000	74655.196974		
2013092723045634500	CMGyro	2013-09-27 23:04:56.345	R	22A7CFE3-2413-41D2-80F8-C693F17141F9		-0.189556	-1.034832	-2.700896	74655.212606		
2013092723045634800	CMDevMotMag	2013-09-27 23:04:56.347	R	22A7CFE3-2413-41D2-80F8-C693F17141F9		-112.004105	132.059616	-220.513458	0.000000	74655.223200		
2013092723045634900	Heading	2013-09-27 23:04:56.348	R	22A7CFE3-2413-41D2-80F8-C693F17141F9		201.760147	201.936996	35.000000	5.166786	-37.250504	-42.394638	20130927230456347		
2013092723045637600	Heading	2013-09-27 23:04:56.374	R	22A7CFE3-2413-41D2-80F8-C693F17141F9		203.503555	203.680405	35.000000	6.007660	-37.652710	-41.902420	20130927230456373		
2013092723045637700	CMDevMot	2013-09-27 23:04:56.376	R	22A7CFE3-2413-41D2-80F8-C693F17141F9		0.097842	0.994875	-0.025500	-0.964322	0.101108	0.244665	0.245989	0.000652	0.969272	-0.082857	-0.092187	-0.665267	0.736244	-0.248540	0.000652	-1.469515	0.445850	-0.587543	-2.552769	-0.245989	-0.000652	-0.969272	0.390856	-0.377751	0.110950	11.524584	-35.866627	-46.836754	1.000000	74655.228237		
2013092723045637700	CMGyro	2013-09-27 23:04:56.377	R	22A7CFE3-2413-41D2-80F8-C693F17141F9		1.873579	0.172562	-1.676292	74655.243869		
2013092723045638600	CMDevMotMag	2013-09-27 23:04:56.386	R	22A7CFE3-2413-41D2-80F8-C693F17141F9		-109.145142	127.199554	-219.036819	0.000000	74655.261786		
2013092723045640100	Heading	2013-09-27 23:04:56.400	R	22A7CFE3-2413-41D2-80F8-C693F17141F9		206.612259	206.789108	35.000000	6.764442	-38.708511	-41.164093	20130927230456399		
2013092723045640800	CMDevMot	2013-09-27 23:04:56.407	R	22A7CFE3-2413-41D2-80F8-C693F17141F9		0.048022	0.995540	-0.081201	-0.970229	0.065811	0.233076	0.237380	0.067591	0.969063	-0.057332	-0.110371	-0.681034	0.721612	-0.240228	0.067642	-1.504786	2.552873	0.642554	-1.025704	-0.237380	-0.067591	-0.969063	0.017486	-0.346838	0.166984	13.497212	-36.033722	-46.176929	1.000000	74655.259500		
2013092723045640900	CMGyro	2013-09-27 23:04:56.409	R	22A7CFE3-2413-41D2-80F8-C693F17141F9		3.794187	-0.061261	-1.141794	74655.275132		
2013092723045642500	CMDevMotMag	2013-09-27 23:04:56.425	R	22A7CFE3-2413-41D2-80F8-C693F17141F9		-108.976974	120.663605	-210.997253	0.000000	74655.300710		
2013092723045642800	Heading	2013-09-27 23:04:56.427	R	22A7CFE3-2413-41D2-80F8-C693F17141F9		208.544403	208.721252	35.000000	7.992119	-40.334106	-39.408493	20130927230456425		
2013092723045643900	CMDevMot	2013-09-27 23:04:56.438	R	22A7CFE3-2413-41D2-80F8-C693F17141F9		0.005187	0.981053	-0.193672	-0.971034	0.051208	0.233390	0.238886	0.186852	0.952901	-0.016416	-0.152578	-0.688568	0.708748	-0.245631	0.187957	-1.518646	3.982904	-1.021177	-1.851604	-0.238886	-0.186852	-0.952901	-0.079245	-0.019050	0.102101	15.406504	-39.391388	-42.706802	1.000000	74655.290763		
2013092723045643900	CMGyro	2013-09-27 23:04:56.439	R	22A7CFE3-2413-41D2-80F8-C693F17141F9		3.510421	-1.767597	-2.237404	74655.306394		
2013092723045645200	Heading	2013-09-27 23:04:56.452	R	22A7CFE3-2413-41D2-80F8-C693F17141F9		210.335724	210.512573	35.000000	9.337517	-42.512756	-36.914597	20130927230456451		
2013092723045646400	CMDevMotMag	2013-09-27 23:04:56.464	R	22A7CFE3-2413-41D2-80F8-C693F17141F9		-108.136093	120.160843	-210.505035	0.000000	74655.339483		
2013092723045647000	CMDevMot	2013-09-27 23:04:56.470	R	22A7CFE3-2413-41D2-80F8-C693F17141F9		-0.073731	0.954766	-0.288072	-0.960115	0.010162	0.279419	0.269707	0.297184	0.915936	0.006526	-0.204913	-0.703474	0.680509	-0.286367	0.301742	-1.560153	2.298759	-1.630121	-2.124659	-0.269707	-0.297184	-0.915936	-0.063957	-0.015255	0.228681	15.982216	-41.552780	-40.383755	1.000000	74655.322026		
2013092723045647000	CMGyro	2013-09-27 23:04:56.470	R	22A7CFE3-2413-41D2-80F8-C693F17141F9		1.356458	-1.777966	-1.899901	74655.337657		
2013092723045647800	Heading	2013-09-27 23:04:56.478	R	22A7CFE3-2413-41D2-80F8-C693F17141F9		213.995087	214.171936	35.000000	10.178383	-44.959541	-34.683212	20130927230456477		
2013092723045650100	CMDevMot	2013-09-27 23:04:56.501	R	22A7CFE3-2413-41D2-80F8-C693F17141F9		-0.150091	0.936348	-0.317371	-0.940626	-0.036387	0.337489	0.304459	0.349182	0.886215	0.004484	-0.238480	-0.719842	0.651870	-0.330917	0.356698	-1.609637	0.768350	-2.494891	-1.954246	-0.304459	-0.349182	-0.886215	-0.253509	0.133041	-0.203156	16.972263	-44.258945	-36.959442	1.000000	74655.353289		
2013092723045650200	CMGyro	2013-09-27 23:04:56.502	R	22A7CFE3-2413-41D2-80F8-C693F17141F9		0.776431	-3.810755	-2.018389	74655.368920		
2013092723045650300	CMDevMotMag	2013-09-27 23:04:56.503	R	22A7CFE3-2413-41D2-80F8-C693F17141F9		-108.304276	120.663605	-210.669113	0.000000	74655.378304		
2013092723045650500	Heading	2013-09-27 23:04:56.504	R	22A7CFE3-2413-41D2-80F8-C693F17141F9		217.105835	217.282684	35.000000	10.699722	-46.819771	-32.665115	20130927230456503		
2013092723045653300	CMDevMot	2013-09-27 23:04:56.532	R	22A7CFE3-2413-41D2-80F8-C693F17141F9		-0.246891	0.917787	-0.310984	-0.888850	-0.086651	0.449931	0.385994	0.387502	0.837169	-0.025456	-0.284197	-0.736667	0.613112	-0.432022	0.397920	-1.664931	0.502887	-4.616962	-1.954213	-0.385994	-0.387502	-0.837169	-0.247399	0.125539	-0.250890	16.986790	-44.441135	-36.733459	1.000000	74655.384552		
2013092723045653300	CMGyro	2013-09-27 23:04:56.533	R	22A7CFE3-2413-41D2-80F8-C693F17141F9		0.475235	-4.294343	-1.673535	74655.400183		
2013092723045654100	CMDevMotMag	2013-09-27 23:04:56.541	R	22A7CFE3-2413-41D2-80F8-C693F17141F9		-112.004105	117.982193	-210.012817	0.000000	74655.417037		
2013092723045655600	Heading	2013-09-27 23:04:56.555	R	22A7CFE3-2413-41D2-80F8-C693F17141F9		221.933411	222.110260	35.000000	9.387970	-49.031944	-30.499374	20130927230456554		
2013092723045656400	CMDevMot	2013-09-27 23:04:56.563	R	22A7CFE3-2413-41D2-80F8-C693F17141F9		-0.332974	0.899014	-0.284432	-0.818588	-0.125879	0.560418	0.468020	0.419437	0.777837	-0.061378	-0.327589	-0.747778	0.574235	-0.541664	0.432826	-1.709911	0.316080	-3.423702	-1.539120	-0.468020	-0.419437	-0.777837	-0.102155	0.189732	-0.303798	14.385773	-44.067818	-38.262115	1.000000	74655.415815		
2013092723045656400	CMGyro	2013-09-27 23:04:56.564	R	22A7CFE3-2413-41D2-80F8-C693F17141F9		0.091500	-3.290213	-1.607526	74655.431446		
2013092723045658000	CMDevMotMag	2013-09-27 23:04:56.580	R	22A7CFE3-2413-41D2-80F8-C693F17141F9		-114.863068	120.831192	-211.161331	0.000000	74655.455841		
2013092723045658100	Heading	2013-09-27 23:04:56.581	R	22A7CFE3-2413-41D2-80F8-C693F17141F9		226.094528	226.271378	35.000000	7.992119	-49.048706	-30.778305	20130927230456580		
2013092723045659500	CMDevMot	2013-09-27 23:04:56.594	R	22A7CFE3-2413-41D2-80F8-C693F17141F9		-0.409998	0.880165	-0.239190	-0.744220	-0.171222	0.645616	0.527294	0.442711	0.725236	-0.094852	-0.358308	-0.759351	0.534794	-0.628660	0.458620	-1.762931	-0.663711	-4.117648	-1.983663	-0.527294	-0.442711	-0.725236	-0.066731	0.157677	-0.432951	12.334167	-43.688820	-39.396297	1.000000	74655.447078		
2013092723045659500	CMGyro	2013-09-27 23:04:56.595	R	22A7CFE3-2413-41D2-80F8-C693F17141F9		-1.301862	-4.835234	-2.165740	74655.462709		
2013092723045660700	Heading	2013-09-27 23:04:56.607	R	22A7CFE3-2413-41D2-80F8-C693F17141F9		229.194305	229.371155	35.000000	6.159012	-48.428619	-31.385361	20130927230456606		
2013092723045661900	CMDevMotMag	2013-09-27 23:04:56.619	R	22A7CFE3-2413-41D2-80F8-C693F17141F9		-118.226562	125.188492	-214.442780	0.000000	74655.494688		
2013092723045662600	CMDevMot	2013-09-27 23:04:56.626	R	22A7CFE3-2413-41D2-80F8-C693F17141F9		-0.496011	0.858383	-0.130961	-0.627936	-0.250426	0.736874	0.599724	0.447733	0.663224	-0.150989	-0.381563	-0.776154	0.478745	-0.735162	0.464228	-1.854659	-2.045514	-4.727486	-2.094139	-0.599724	-0.447733	-0.663224	-0.082069	0.078241	-0.103805	11.248787	-43.071384	-40.388527	1.000000	74655.478341		
2013092723045662700	CMGyro	2013-09-27 23:04:56.626	R	22A7CFE3-2413-41D2-80F8-C693F17141F9		-2.049872	-4.587360	-1.856807	74655.493972		
2013092723045663300	Heading	2013-09-27 23:04:56.633	R	22A7CFE3-2413-41D2-80F8-C693F17141F9		234.758453	234.935303	35.000000	3.922295	-47.540405	-32.484650	20130927230456632		
2013092723045665900	CMDevMot	2013-09-27 23:04:56.658	R	22A7CFE3-2413-41D2-80F8-C693F17141F9		-0.554579	0.832123	-0.003642	-0.503470	-0.332053	0.797658	0.662541	0.444198	0.603099	-0.208791	-0.393518	-0.788944	0.423222	-0.832329	0.460278	-1.950477	-1.697291	-4.156303	-1.701282	-0.662541	-0.444198	-0.603099	-0.158077	0.065108	-0.209676	7.854155	-40.424442	-43.784576	1.000000	74655.509604		
2013092723045665900	CMGyro	2013-09-27 23:04:56.659	R	22A7CFE3-2413-41D2-80F8-C693F17141F9		-1.225058	-3.508360	-1.515884	74655.525235		
2013092723045666000	CMDevMotMag	2013-09-27 23:04:56.659	R	22A7CFE3-2413-41D2-80F8-C693F17141F9		-124.112656	126.361618	-216.903870	0.000000	74655.533509		
2013092723045666000	Heading	2013-09-27 23:04:56.660	R	22A7CFE3-2413-41D2-80F8-C693F17141F9		240.792572	240.969421	35.000000	1.803299	-46.166183	-33.961304	20130927230456658		
2013092723045668500	Heading	2013-09-27 23:04:56.685	R	22A7CFE3-2413-41D2-80F8-C693F17141F9		244.021286	244.198135	35.000000	-0.214790	-44.289192	-35.536407	20130927230456684		
2013092723045668900	CMDevMot	2013-09-27 23:04:56.689	R	22A7CFE3-2413-41D2-80F8-C693F17141F9		-0.588848	0.803299	0.089265	-0.403731	-0.388017	0.828519	0.700185	0.451833	0.552800	-0.248178	-0.402502	-0.795246	0.379452	-0.902488	0.468819	-2.020775	-1.285520	-2.375246	-1.325805	-0.700185	-0.451833	-0.552800	-0.106409	-0.054026	0.125401	1.858311	-36.073345	-48.043449	1.000000	74655.540866		
2013092723045668900	CMGyro	2013-09-27 23:04:56.689	R	22A7CFE3-2413-41D2-80F8-C693F17141F9		-0.984821	-1.553042	-1.325146	74655.556498		
2013092723045669700	CMDevMotMag	2013-09-27 23:04:56.697	R	22A7CFE3-2413-41D2-80F8-C693F17141F9		-123.271790	127.199554	-217.396088	0.000000	74655.572335		
2013092723045671100	Heading	2013-09-27 23:04:56.711	R	22A7CFE3-2413-41D2-80F8-C693F17141F9		248.568451	248.745300	35.000000	-1.930176	-42.881454	-36.750534	20130927230456710		
2013092723045672000	CMDevMot	2013-09-27 23:04:56.720	R	22A7CFE3-2413-41D2-80F8-C693F17141F9		-0.616062	0.774911	0.141352	-0.345442	-0.427059	0.835638	0.707910	0.465976	0.530782	-0.264677	-0.405654	-0.802169	0.349163	-0.927431	0.484737	-2.074489	-0.297476	-1.340760	-1.337712	-0.707910	-0.465976	-0.530782	-0.200018	-0.174084	-0.180369	-0.069920	-34.147190	-49.465919	1.000000	74655.572129		
2013092723045672000	CMGyro	2013-09-27 23:04:56.720	R	22A7CFE3-2413-41D2-80F8-C693F17141F9		0.947422	-1.183826	-1.290614	74655.587761		
2013092723045673600	CMDevMotMag	2013-09-27 23:04:56.736	R	22A7CFE3-2413-41D2-80F8-C693F17141F9		-124.112656	125.020905	-215.591293	0.000000	74655.611139		
2013092723045673700	Heading	2013-09-27 23:04:56.737	R	22A7CFE3-2413-41D2-80F8-C693F17141F9		252.252716	252.429565	35.000000	-3.208298	-42.278137	-37.505280	20130927230456736		
2013092723045675100	CMDevMot	2013-09-27 23:04:56.751	R	22A7CFE3-2413-41D2-80F8-C693F17141F9		-0.643602	0.751457	0.145217	-0.294845	-0.418529	0.859011	0.706288	0.510045	0.490929	-0.266457	-0.428411	-0.798915	0.327414	-0.963377	0.535237	-2.078964	1.313641	-1.295352	-1.448416	-0.706288	-0.510045	-0.490929	-0.259654	-0.170879	-0.136329	-0.647259	-34.062313	-49.520226	1.000000	74655.603392		
2013092723045675200	CMGyro	2013-09-27 23:04:56.752	R	22A7CFE3-2413-41D2-80F8-C693F17141F9		1.568622	-1.201249	-0.915507	74655.619024		
2013092723045676300	Heading	2013-09-27 23:04:56.762	R	22A7CFE3-2413-41D2-80F8-C693F17141F9		254.627106	254.803955	35.000000	-4.133247	-42.462486	-37.357590	20130927230456761		
2013092723045677500	CMDevMotMag	2013-09-27 23:04:56.774	R	22A7CFE3-2413-41D2-80F8-C693F17141F9		-123.103607	122.339493	-214.606857	0.000000	74655.650034		
2013092723045678300	CMDevMot	2013-09-27 23:04:56.782	R	22A7CFE3-2413-41D2-80F8-C693F17141F9		-0.659974	0.739160	0.134451	-0.253661	-0.387684	0.886204	0.707171	0.550767	0.443357	-0.266624	-0.455229	-0.789147	0.314523	-1.010800	0.583282	-2.053846	1.370192	-0.771556	-0.602040	-0.707171	-0.550767	-0.443357	-0.019544	-0.209213	-0.094500	-0.834627	-35.003559	-48.856594	1.000000	74655.634655		
2013092723045678400	CMGyro	2013-09-27 23:04:56.783	R	22A7CFE3-2413-41D2-80F8-C693F17141F9		1.157874	-0.660239	-0.643970	74655.650287		
2013092723045678900	Heading	2013-09-27 23:04:56.788	R	22A7CFE3-2413-41D2-80F8-C693F17141F9		256.973022	257.149872	35.000000	-4.150070	-43.183113	-36.783356	20130927230456787		
2013092723045681300	CMDevMotMag	2013-09-27 23:04:56.813	R	22A7CFE3-2413-41D2-80F8-C693F17141F9		-122.767273	121.669144	-213.950562	0.000000	74655.688869		
