2013092223131998200	Event	Test Begin	Default Test	2013-09-22 23:13:19.969	R	22A7CFE3-2413-41D2-80F8-C693F17141F9	ApioTest version 1.07		
2013092223131998200	Config	Local Default		DevMotRate	32.0	MagnetometerRate	32.0	LocDistanceFilter	20	AccelerometerRate	32.0	GyroRate	32.0		
2013092223131998200	Customer	22A7CFE3-2413-41D2-80F8-C693F17141F9	Kayla	Washenberger	6517697331			
2013092223131998300	Vehicle	Chevy	Monte Carlo	1999	Black			
2013092223131998400	Event	Text	Default Test	2013-09-22 23:13:19.968	R	22A7CFE3-2413-41D2-80F8-C693F17141F9	Driver		
2013092223132003000	CMGyro	2013-09-22 23:13:20.029	R	22A7CFE3-2413-41D2-80F8-C693F17141F9		0.237586	0.788918	-0.023339	62629.256347		
2013092223132004500	CMDevMot	2013-09-22 23:13:20.045	R	22A7CFE3-2413-41D2-80F8-C693F17141F9		0.999978	-0.000305	-0.006652	-0.000373	0.994816	-0.101695	0.006649	0.101695	0.994793	0.050914	-0.003330	-0.000017	0.998697	-0.006683	0.101872	0.000307	0.123996	0.806855	-0.048012	-0.006649	-0.101695	-0.994793	-0.004536	-0.002415	-0.030155	0.000000	0.000000	0.000000	-1.000000	62629.256347		
2013092223132006100	CMGyro	2013-09-22 23:13:20.061	R	22A7CFE3-2413-41D2-80F8-C693F17141F9		0.284462	0.145181	0.020866	62629.287606		
2013092223132006500	Event	Bluetooth	Default Test	2013-09-22 23:13:20.065	R	22A7CFE3-2413-41D2-80F8-C693F17141F9	Bluetooth is currently powered on and available to use.		
2013092223132006800	CMDevMotMag	2013-09-22 23:13:20.068	R	22A7CFE3-2413-41D2-80F8-C693F17141F9		-132.016861	120.496017	-234.787781	0.000000	62629.302579		
2013092223132006900	Location	2013-09-22 23:13:20.069	R	22A7CFE3-2413-41D2-80F8-C693F17141F9		44.965370	-93.243161	256.944180	10.000000	4.000000	0.740000	335.039062	20130922231320006		
2013092223132007700	CMDevMot	2013-09-22 23:13:20.077	R	22A7CFE3-2413-41D2-80F8-C693F17141F9		0.999975	0.000849	0.007082	-0.000086	0.994241	-0.107167	-0.007132	0.107164	0.994216	0.053660	0.003559	-0.000234	0.998553	0.007173	0.107370	-0.000854	0.170872	0.163118	-0.003806	0.007132	-0.107164	-0.994216	0.027338	-0.029082	-0.059205	0.000000	0.000000	0.000000	-1.000000	62629.287606		
2013092223132009400	CMGyro	2013-09-22 23:13:20.094	R	22A7CFE3-2413-41D2-80F8-C693F17141F9		0.034731	-0.208703	0.112551	62629.318865		
2013092223132010800	CMDevMotMag	2013-09-22 23:13:20.107	R	22A7CFE3-2413-41D2-80F8-C693F17141F9		-132.521378	119.993256	-233.311127	0.000000	62629.341372		
2013092223132010900	CMDevMot	2013-09-22 23:13:20.108	R	22A7CFE3-2413-41D2-80F8-C693F17141F9		0.999991	-0.001154	0.004151	0.001596	0.994147	-0.108024	-0.004002	0.108030	0.994140	0.054093	0.002041	0.000689	0.998534	0.004025	0.108241	0.001161	-0.078859	-0.190766	0.087878	0.004002	-0.108030	-0.994140	-0.010838	-0.037448	0.028274	0.000000	0.000000	0.000000	-1.000000	62629.318865		
2013092223132012300	CMGyro	2013-09-22 23:13:20.123	R	22A7CFE3-2413-41D2-80F8-C693F17141F9		0.034418	0.005488	0.105130	62629.350125		
2013092223132014000	CMDevMot	2013-09-22 23:13:20.140	R	22A7CFE3-2413-41D2-80F8-C693F17141F9		0.999992	-0.003778	0.001334	0.003897	0.994476	-0.104894	-0.000930	0.104898	0.994483	0.052521	0.000567	0.001922	0.998618	0.000935	0.105091	0.003799	-0.079170	0.023425	0.080458	0.000930	-0.104898	-0.994483	-0.044997	-0.032965	0.024558	0.000000	0.000000	0.000000	-1.000000	62629.350125		
2013092223132014600	CMDevMotMag	2013-09-22 23:13:20.146	R	22A7CFE3-2413-41D2-80F8-C693F17141F9		-131.007812	117.479431	-234.787781	0.000000	62629.380204		
2013092223132015500	CMGyro	2013-09-22 23:13:20.155	R	22A7CFE3-2413-41D2-80F8-C693F17141F9		0.062032	0.169119	0.107320	62629.381384		
2013092223132017200	CMDevMot	2013-09-22 23:13:20.172	R	22A7CFE3-2413-41D2-80F8-C693F17141F9		0.999963	-0.006289	0.005921	0.006868	0.994604	-0.103516	-0.005238	0.103553	0.994610	0.051837	0.002793	0.003294	0.998646	0.005266	0.103739	0.006323	-0.051556	0.187056	0.082648	0.005238	-0.103553	-0.994610	-0.034229	-0.029306	-0.006000	0.000000	0.000000	0.000000	-1.000000	62629.381384		
2013092223132018500	CMDevMotMag	2013-09-22 23:13:20.185	R	22A7CFE3-2413-41D2-80F8-C693F17141F9		-132.353195	121.166367	-234.459625	0.000000	62629.419153		
2013092223132018600	CMGyro	2013-09-22 23:13:20.186	R	22A7CFE3-2413-41D2-80F8-C693F17141F9		0.085135	0.171662	0.138230	62629.412643		
2013092223132020200	CMDevMot	2013-09-22 23:13:20.202	R	22A7CFE3-2413-41D2-80F8-C693F17141F9		0.999913	-0.009647	0.009001	0.010540	0.994401	-0.105144	-0.007937	0.105229	0.994416	0.052668	0.004241	0.005054	0.998590	0.007981	0.105425	0.009701	-0.028409	0.189561	0.113562	0.007937	-0.105229	-0.994416	-0.026461	-0.034755	-0.060470	0.000000	0.000000	0.000000	-1.000000	62629.412643		
2013092223132021800	CMGyro	2013-09-22 23:13:20.218	R	22A7CFE3-2413-41D2-80F8-C693F17141F9		0.127468	0.098571	0.135550	62629.443902		
2013092223132022400	CMDevMotMag	2013-09-22 23:13:20.224	R	22A7CFE3-2413-41D2-80F8-C693F17141F9		-132.185028	120.998779	-233.311127	0.000000	62629.457704		
2013092223132023400	CMDevMot	2013-09-22 23:13:20.234	R	22A7CFE3-2413-41D2-80F8-C693F17141F9		0.999851	-0.013900	0.010238	0.014913	0.994189	-0.106612	-0.008696	0.106749	0.994248	0.053418	0.004740	0.007214	0.998535	0.008746	0.106952	0.013980	0.013943	0.116419	0.110888	0.008696	-0.106749	-0.994248	-0.045516	-0.004747	-0.032424	0.000000	0.000000	0.000000	-1.000000	62629.443902		
2013092223132024900	CMGyro	2013-09-22 23:13:20.249	R	22A7CFE3-2413-41D2-80F8-C693F17141F9		0.147404	0.177977	0.080341	62629.475161		
2013092223132026300	CMDevMotMag	2013-09-22 23:13:20.262	R	22A7CFE3-2413-41D2-80F8-C693F17141F9		-130.335114	121.166367	-233.475189	0.000000	62629.496721		
2013092223132026500	CMDevMot	2013-09-22 23:13:20.265	R	22A7CFE3-2413-41D2-80F8-C693F17141F9		0.999807	-0.016815	0.010156	0.017808	0.994075	-0.107230	-0.008293	0.107390	0.994182	0.053735	0.004619	0.008669	0.998507	0.008342	0.107598	0.016913	0.033879	0.195728	0.055690	0.008293	-0.107390	-0.994182	-0.043984	0.007552	0.006084	0.000000	0.000000	0.000000	-1.000000	62629.475161		
2013092223132028000	CMGyro	2013-09-22 23:13:20.280	R	22A7CFE3-2413-41D2-80F8-C693F17141F9		0.162501	0.209025	0.010643	62629.506420		
2013092223132029600	CMDevMot	2013-09-22 23:13:20.295	R	22A7CFE3-2413-41D2-80F8-C693F17141F9		0.999735	-0.017850	0.014557	0.019311	0.994037	-0.107324	-0.012554	0.107576	0.994118	0.053807	0.006788	0.009304	0.998485	0.012628	0.107785	0.017955	0.048947	0.226692	-0.013999	0.012554	-0.107576	-0.994118	-0.036297	0.010469	-0.024727	0.000000	0.000000	0.000000	-1.000000	62629.506420		
2013092223132030200	CMDevMotMag	2013-09-22 23:13:20.302	R	22A7CFE3-2413-41D2-80F8-C693F17141F9		-130.671463	120.831192	-233.147049	0.000000	62629.535612		
2013092223132031100	CMGyro	2013-09-22 23:13:20.311	R	22A7CFE3-2413-41D2-80F8-C693F17141F9		0.233050	0.205726	-0.048111	62629.537679		
2013092223132032800	CMDevMot	2013-09-22 23:13:20.327	R	22A7CFE3-2413-41D2-80F8-C693F17141F9		0.999699	-0.016610	0.018043	0.018465	0.993975	-0.108043	-0.016139	0.108344	0.993982	0.054180	0.008559	0.008782	0.998456	0.016236	0.108557	0.016709	0.119441	0.223306	-0.072743	0.016139	-0.108344	-0.993982	-0.031719	0.020926	0.001551	0.000000	0.000000	0.000000	-1.000000	62629.537679		
2013092223132034100	CMDevMotMag	2013-09-22 23:13:20.341	R	22A7CFE3-2413-41D2-80F8-C693F17141F9		-131.344162	121.501541	-233.803345	0.000000	62629.574650		
2013092223132034200	CMGyro	2013-09-22 23:13:20.342	R	22A7CFE3-2413-41D2-80F8-C693F17141F9		0.244933	0.186646	-0.053449	62629.568939		
2013092223132035800	CMDevMot	2013-09-22 23:13:20.357	R	22A7CFE3-2413-41D2-80F8-C693F17141F9		0.999583	-0.014023	0.025238	0.016776	0.993519	-0.112424	-0.023498	0.112801	0.993340	0.056402	0.012205	0.007713	0.998304	0.023651	0.113041	0.014113	0.131324	0.204226	-0.078081	0.023498	-0.112801	-0.993340	-0.015548	0.036476	0.019753	0.000000	0.000000	0.000000	-1.000000	62629.568939		
2013092223132037400	CMGyro	2013-09-22 23:13:20.374	R	22A7CFE3-2413-41D2-80F8-C693F17141F9		0.161863	0.175321	-0.024036	62629.600198		
2013092223132038000	CMDevMotMag	2013-09-22 23:13:20.379	R	22A7CFE3-2413-41D2-80F8-C693F17141F9		-129.998764	118.820129	-231.834473	0.000000	62629.613673		
2013092223132039000	CMDevMot	2013-09-22 23:13:20.390	R	22A7CFE3-2413-41D2-80F8-C693F17141F9		0.999468	-0.011898	0.030380	0.015235	0.993582	-0.112083	-0.028852	0.112486	0.993234	0.056239	0.014833	0.006795	0.998284	0.029040	0.112725	0.011975	0.048159	0.192871	-0.048664	0.028852	-0.112486	-0.993234	-0.019193	0.034865	0.031244	0.000000	0.000000	0.000000	-1.000000	62629.600198		
2013092223132040600	CMGyro	2013-09-22 23:13:20.406	R	22A7CFE3-2413-41D2-80F8-C693F17141F9		0.197390	0.104998	-0.039815	62629.631457		
2013092223132041800	CMDevMotMag	2013-09-22 23:13:20.418	R	22A7CFE3-2413-41D2-80F8-C693F17141F9		-129.998764	119.155304	-232.818909	0.000000	62629.652510		
2013092223132042200	CMDevMot	2013-09-22 23:13:20.421	R	22A7CFE3-2413-41D2-80F8-C693F17141F9		0.999383	-0.010431	0.033548	0.014091	0.993744	-0.110789	-0.032182	0.111193	0.993278	0.055590	0.016460	0.006141	0.998299	0.032389	0.111423	0.010496	0.083537	0.122488	-0.064436	0.032182	-0.111193	-0.993278	-0.031755	0.068087	0.037757	0.000000	0.000000	0.000000	-1.000000	62629.631457		
2013092223132043700	CMGyro	2013-09-22 23:13:20.437	R	22A7CFE3-2413-41D2-80F8-C693F17141F9		0.135965	0.245364	-0.109230	62629.662716		
2013092223132045300	CMDevMot	2013-09-22 23:13:20.452	R	22A7CFE3-2413-41D2-80F8-C693F17141F9		0.999305	-0.007264	0.036563	0.011195	0.994035	-0.108489	-0.035557	0.108823	0.993425	0.054418	0.018060	0.004622	0.998344	0.035777	0.109039	0.007307	0.021928	0.262715	-0.133838	0.035557	-0.108823	-0.993425	-0.034977	0.051191	0.043520	0.000000	0.000000	0.000000	-1.000000	62629.662716		
2013092223132045700	CMDevMotMag	2013-09-22 23:13:20.457	R	22A7CFE3-2413-41D2-80F8-C693F17141F9		-129.998764	119.825668	-231.506317	0.000000	62629.691304		
2013092223132046800	CMGyro	2013-09-22 23:13:20.468	R	22A7CFE3-2413-41D2-80F8-C693F17141F9		0.156578	0.220716	-0.083746	62629.693975		
2013092223132049700	CMDevMotMag	2013-09-22 23:13:20.496	R	22A7CFE3-2413-41D2-80F8-C693F17141F9		-131.344162	118.484955	-232.490753	0.000000	62629.730276		
2013092223132050000	CMDevMot	2013-09-22 23:13:20.500	R	22A7CFE3-2413-41D2-80F8-C693F17141F9		0.998980	-0.003298	0.045029	0.008094	0.994255	-0.106734	-0.044418	0.106990	0.993267	0.053521	0.022399	0.002853	0.998311	0.044689	0.107195	0.003317	0.042374	0.238057	-0.108354	0.044418	-0.106990	-0.993267	-0.005447	0.043971	-0.009906	0.000000	0.000000	0.000000	-1.000000	62629.693975		
2013092223132051500	CMGyro	2013-09-22 23:13:20.515	R	22A7CFE3-2413-41D2-80F8-C693F17141F9		0.100987	0.071370	0.039176	62629.740864		
2013092223132052300	Heading	2013-09-22 23:13:20.523	R	22A7CFE3-2413-41D2-80F8-C693F17141F9		169.638351	170.065308	35.000000	-1.448486	-24.511086	-53.071152	20130922231320522		
2013092223132053000	CMDevMot	2013-09-22 23:13:20.530	R	22A7CFE3-2413-41D2-80F8-C693F17141F9		0.998775	-0.001908	0.049445	0.007151	0.994332	-0.106080	-0.048962	0.106303	0.993128	0.053187	0.024644	0.002269	0.998278	0.049261	0.106505	0.001919	-0.013216	0.088710	0.014568	0.048962	-0.106303	-0.993128	0.020069	0.035884	-0.053580	-0.766328	-23.568604	-52.509930	1.000000	62629.740864		
2013092223132053500	CMDevMotMag	2013-09-22 23:13:20.535	R	22A7CFE3-2413-41D2-80F8-C693F17141F9		-128.821548	118.987717	-233.639267	0.000000	62629.769089		
2013092223132054600	CMGyro	2013-09-22 23:13:20.546	R	22A7CFE3-2413-41D2-80F8-C693F17141F9		0.163635	0.011005	0.038951	62629.772123		
2013092223132056200	CMDevMot	2013-09-22 23:13:20.561	R	22A7CFE3-2413-41D2-80F8-C693F17141F9		0.998682	-0.002717	0.051249	0.007998	0.994635	-0.103134	-0.050694	0.103408	0.993346	0.051722	0.025529	0.002683	0.998332	0.050990	0.103594	0.002732	0.049215	0.028379	0.014339	0.050694	-0.103408	-0.993346	-0.019536	0.079773	-0.039399	-0.615008	-23.364737	-52.602943	1.000000	62629.772123		
2013092223132057400	CMDevMotMag	2013-09-22 23:13:20.574	R	22A7CFE3-2413-41D2-80F8-C693F17141F9		-127.644318	118.820129	-232.818909	0.000000	62629.807894		
2013092223132057700	CMGyro	2013-09-22 23:13:20.577	R	22A7CFE3-2413-41D2-80F8-C693F17141F9		0.219773	0.043094	-0.051258	62629.803382		
2013092223132059300	CMDevMot	2013-09-22 23:13:20.593	R	22A7CFE3-2413-41D2-80F8-C693F17141F9		0.998678	-0.001339	0.051380	0.006539	0.994847	-0.101181	-0.050980	0.101383	0.993540	0.050723	0.025631	0.001973	0.998382	0.051266	0.101558	0.001346	0.105030	0.060376	-0.075866	0.050980	-0.101383	-0.993540	-0.012299	0.065067	-0.018834	-0.599963	-23.392092	-52.590958	1.000000	62629.803382		
2013092223132060800	CMGyro	2013-09-22 23:13:20.608	R	22A7CFE3-2413-41D2-80F8-C693F17141F9		0.234232	-0.001802	-0.073725	62629.834641		
2013092223132061300	CMDevMotMag	2013-09-22 23:13:20.612	R	22A7CFE3-2413-41D2-80F8-C693F17141F9		-128.989716	119.490494	-231.506317	0.000000	62629.846713		
2013092223132062400	CMDevMot	2013-09-22 23:13:20.624	R	22A7CFE3-2413-41D2-80F8-C693F17141F9		0.998588	0.001838	0.053087	0.003571	0.994817	-0.101616	-0.052999	0.101662	0.993406	0.050903	0.026565	0.000434	0.998350	0.053300	0.101838	-0.001847	0.119268	0.015526	-0.098341	0.052999	-0.101662	-0.993406	0.018550	0.048500	-0.016939	-0.558311	-23.289675	-52.636848	1.000000	62629.834641		
2013092223132064000	CMGyro	2013-09-22 23:13:20.639	R	22A7CFE3-2413-41D2-80F8-C693F17141F9		0.179145	-0.021058	0.026852	62629.865901		
2013092223132065200	CMDevMotMag	2013-09-22 23:13:20.652	R	22A7CFE3-2413-41D2-80F8-C693F17141F9		-127.980667	119.155304	-232.490753	0.000000	62629.885472		
2013092223132065400	Heading	2013-09-22 23:13:20.653	R	22A7CFE3-2413-41D2-80F8-C693F17141F9		171.020355	171.447311	35.000000	-0.220825	-24.404953	-52.967255	20130922231320652		
2013092223132065500	CMDevMot	2013-09-22 23:13:20.655	R	22A7CFE3-2413-41D2-80F8-C693F17141F9		0.998469	0.003462	0.055199	0.002225	0.994716	-0.102639	-0.055263	0.102605	0.993186	0.051399	0.027663	-0.000310	0.998295	0.055585	0.102786	-0.003480	0.064064	-0.003588	0.002223	0.055263	-0.102605	-0.993186	0.030705	0.024343	-0.015100	-0.357471	-23.389973	-52.594105	1.000000	62629.865901		
2013092223132067100	CMGyro	2013-09-22 23:13:20.671	R	22A7CFE3-2413-41D2-80F8-C693F17141F9		0.139513	-0.078324	0.115438	62629.897160		
2013092223132068700	CMDevMot	2013-09-22 23:13:20.686	R	22A7CFE3-2413-41D2-80F8-C693F17141F9		0.998484	0.001681	0.055011	0.003949	0.994770	-0.102066	-0.054895	0.102128	0.993255	0.051135	0.027523	0.000568	0.998312	0.055212	0.102307	-0.001690	0.024244	-0.060742	0.090795	0.054895	-0.102128	-0.993255	0.021475	0.039109	0.012985	-0.290234	-23.421692	-52.580402	1.000000	62629.897160		
2013092223132069100	CMDevMotMag	2013-09-22 23:13:20.690	R	22A7CFE3-2413-41D2-80F8-C693F17141F9		-129.830582	116.641479	-232.326691	0.000000	62629.924330		
2013092223132070300	CMGyro	2013-09-22 23:13:20.702	R	22A7CFE3-2413-41D2-80F8-C693F17141F9		0.164614	-0.047957	0.123533	62629.928419		
2013092223132071700	CMDevMot	2013-09-22 23:13:20.717	R	22A7CFE3-2413-41D2-80F8-C693F17141F9		0.998545	-0.001381	0.053900	0.006932	0.994664	-0.102931	-0.053470	0.103154	0.993227	0.051609	0.026888	0.002082	0.998303	0.053782	0.103338	0.001389	0.049345	-0.030376	0.098890	0.053470	-0.103154	-0.993227	0.013211	0.052846	-0.006986	-0.369576	-23.350359	-52.611618	1.000000	62629.928419		
2013092223132073200	CMDevMotMag	2013-09-22 23:13:20.731	R	22A7CFE3-2413-41D2-80F8-C693F17141F9		-129.830582	117.647018	-231.014099	0.000000	62629.963155		
2013092223132073500	CMGyro	2013-09-22 23:13:20.734	R	22A7CFE3-2413-41D2-80F8-C693F17141F9		0.151904	-0.007417	0.073196	62629.959678		
2013092223132074900	CMDevMot	2013-09-22 23:13:20.748	R	22A7CFE3-2413-41D2-80F8-C693F17141F9		0.998558	-0.003313	0.053582	0.008729	0.994833	-0.101149	-0.052970	0.101470	0.993427	0.050738	0.026682	0.003015	0.998351	0.053270	0.101645	0.003331	0.036339	0.010194	0.048542	0.052970	-0.101470	-0.993427	-0.002646	0.052841	0.044315	-0.428870	-23.383049	-52.596649	1.000000	62629.959678		
2013092223132076400	CMGyro	2013-09-22 23:13:20.764	R	22A7CFE3-2413-41D2-80F8-C693F17141F9		0.133466	0.091327	0.082860	62629.990937		
2013092223132076800	CMDevMotMag	2013-09-22 23:13:20.768	R	22A7CFE3-2413-41D2-80F8-C693F17141F9		-128.317017	119.490494	-233.803345	0.000000	62630.002051		
2013092223132078100	CMDevMot	2013-09-22 23:13:20.781	R	22A7CFE3-2413-41D2-80F8-C693F17141F9		0.998414	-0.004635	0.056103	0.010225	0.994959	-0.099759	-0.055358	0.100175	0.993429	0.050066	0.027911	0.003721	0.998349	0.055667	0.100343	0.004659	0.017680	0.108981	0.058195	0.055358	-0.100175	-0.993429	0.011567	0.029755	0.033498	-0.488297	-23.287823	-52.638367	1.000000	62629.990937		
2013092223132079600	CMGyro	2013-09-22 23:13:20.796	R	22A7CFE3-2413-41D2-80F8-C693F17141F9		0.118767	0.087762	0.146187	62630.022197		
2013092223132080700	CMDevMotMag	2013-09-22 23:13:20.807	R	22A7CFE3-2413-41D2-80F8-C693F17141F9		-127.307968	118.149780	-232.490753	0.000000	62630.040885		
2013092223132081200	CMDevMot	2013-09-22 23:13:20.811	R	22A7CFE3-2413-41D2-80F8-C693F17141F9		0.998123	-0.007530	0.060782	0.013487	0.995076	-0.098195	-0.059743	0.098831	0.993309	0.049340	0.030182	0.005263	0.998312	0.060073	0.098992	0.007568	0.002806	0.105489	0.121510	0.059743	-0.098831	-0.993309	0.017726	0.027710	-0.041191	-0.301734	-23.222961	-52.668411	1.000000	62630.022197		
2013092223132082700	CMGyro	2013-09-22 23:13:20.827	R	22A7CFE3-2413-41D2-80F8-C693F17141F9		0.076016	-0.048084	0.187932	62630.053456		
2013092223132084300	CMDevMot	2013-09-22 23:13:20.842	R	22A7CFE3-2413-41D2-80F8-C693F17141F9		0.998032	-0.012426	0.061468	0.018252	0.995296	-0.095149	-0.059996	0.096084	0.993563	0.047887	0.030416	0.007682	0.998360	0.060311	0.096232	0.012484	-0.040226	-0.030373	0.163245	0.059996	-0.096084	-0.993563	0.000978	0.045714	-0.055371	-0.202545	-23.130802	-52.709427	1.000000	62630.053456		
2013092223132084500	CMDevMotMag	2013-09-22 23:13:20.845	R	22A7CFE3-2413-41D2-80F8-C693F17141F9		-128.653366	118.820129	-233.475189	0.000000	62630.079733		
2013092223132085900	CMGyro	2013-09-22 23:13:20.859	R	22A7CFE3-2413-41D2-80F8-C693F17141F9		0.115939	-0.120097	0.138152	62630.084715		
2013092223132087400	CMDevMot	2013-09-22 23:13:20.874	R	22A7CFE3-2413-41D2-80F8-C693F17141F9		0.998178	-0.016824	0.057947	0.022114	0.995522	-0.091906	-0.056141	0.093020	0.994080	0.046302	0.028566	0.009749	0.998471	0.056415	0.093155	0.016898	-0.000605	-0.102504	0.113462	0.056141	-0.093020	-0.994080	-0.017033	0.049136	-0.042449	-0.378299	-22.940756	-52.791447	1.000000	62630.084715		
2013092223132088500	CMDevMotMag	2013-09-22 23:13:20.884	R	22A7CFE3-2413-41D2-80F8-C693F17141F9		-131.007812	117.479431	-232.490753	0.000000	62630.118581		
2013092223132089000	CMGyro	2013-09-22 23:13:20.890	R	22A7CFE3-2413-41D2-80F8-C693F17141F9		0.115770	-0.159286	0.082413	62630.115974		
2013092223132090600	CMDevMot	2013-09-22 23:13:20.905	R	22A7CFE3-2413-41D2-80F8-C693F17141F9		0.998362	-0.019184	0.053892	0.024117	0.995427	-0.092427	-0.051873	0.093575	0.994260	0.046570	0.026481	0.010841	0.998505	0.052125	0.093712	0.019269	0.001085	-0.142494	0.056789	0.051873	-0.093575	-0.994260	-0.010811	0.037957	0.034009	-0.552721	-22.794832	-52.853085	1.000000	62630.115974		
2013092223132092100	CMGyro	2013-09-22 23:13:20.921	R	22A7CFE3-2413-41D2-80F8-C693F17141F9		0.089997	-0.011166	0.068716	62630.147233		
2013092223132092300	CMDevMotMag	2013-09-22 23:13:20.923	R	22A7CFE3-2413-41D2-80F8-C693F17141F9		-129.662415	118.149780	-233.147049	0.000000	62630.157386		
2013092223132093700	CMDevMot	2013-09-22 23:13:20.937	R	22A7CFE3-2413-41D2-80F8-C693F17141F9		0.998466	-0.020662	0.051375	0.025254	0.995584	-0.090416	-0.049280	0.091575	0.994578	0.045562	0.025199	0.011495	0.998577	0.049508	0.091703	0.020750	-0.024717	0.005614	0.043092	0.049280	-0.091575	-0.994578	-0.015329	0.024207	0.070887	-0.949938	-22.730732	-52.875042	1.000000	62630.147233		
2013092223132095300	CMGyro	2013-09-22 23:13:20.952	R	22A7CFE3-2413-41D2-80F8-C693F17141F9		0.097519	0.019726	0.064752	62630.178493		
2013092223132096200	CMDevMotMag	2013-09-22 23:13:20.962	R	22A7CFE3-2413-41D2-80F8-C693F17141F9		-129.998764	117.814606	-232.490753	0.000000	62630.196260		
2013092223132096800	CMDevMot	2013-09-22 23:13:20.968	R	22A7CFE3-2413-41D2-80F8-C693F17141F9		0.998379	-0.021976	0.052509	0.026616	0.995644	-0.089361	-0.050316	0.090614	0.994614	0.045058	0.025743	0.012165	0.998579	0.050545	0.090738	0.022069	-0.017218	0.036499	0.039127	0.050316	-0.090614	-0.994614	-0.016487	0.030158	0.048539	-0.971130	-22.652617	-52.908169	1.000000	62630.178493		
2013092223132098400	CMGyro	2013-09-22 23:13:20.983	R	22A7CFE3-2413-41D2-80F8-C693F17141F9		0.041239	0.049694	0.037409	62630.209752		
2013092223132098900	Heading	2013-09-22 23:13:20.988	R	22A7CFE3-2413-41D2-80F8-C693F17141F9		169.191376	169.618332	35.000000	-1.448517	-25.192612	-53.147842	20130922231320987		
2013092223132099900	CMDevMot	2013-09-22 23:13:20.999	R	22A7CFE3-2413-41D2-80F8-C693F17141F9		0.998307	-0.022827	0.053494	0.027402	0.995882	-0.086421	-0.051301	0.087741	0.994821	0.043600	0.026235	0.012575	0.998625	0.051522	0.087854	0.022917	-0.073524	0.066451	0.011784	0.051301	-0.087741	-0.994821	-0.008622	0.023501	0.022959	-0.923182	-22.612488	-52.926189	1.000000	62630.209752		
2013092223132100100	CMDevMotMag	2013-09-22 23:13:21.001	R	22A7CFE3-2413-41D2-80F8-C693F17141F9		-129.830582	119.993256	-233.311127	0.000000	62630.235119		
2013092223132101500	CMGyro	2013-09-22 23:13:21.015	R	22A7CFE3-2413-41D2-80F8-C693F17141F9		0.036357	0.049663	0.042033	62630.241011		
2013092223132103000	CMDevMot	2013-09-22 23:13:21.030	R	22A7CFE3-2413-41D2-80F8-C693F17141F9		0.998158	-0.023434	0.055961	0.028049	0.996142	-0.083158	-0.053797	0.084575	0.994964	0.041990	0.027476	0.012888	0.998657	0.054016	0.084676	0.023521	-0.078433	0.066423	0.016407	0.053797	-0.084575	-0.994964	0.002981	0.022395	-0.016908	-0.911940	-22.493443	-52.977089	1.000000	62630.241011		
2013092223132104000	CMDevMotMag	2013-09-22 23:13:21.040	R	22A7CFE3-2413-41D2-80F8-C693F17141F9		-129.662415	119.155304	-232.818909	0.000000	62630.273958		
2013092223132104100	Heading	2013-09-22 23:13:21.041	R	22A7CFE3-2413-41D2-80F8-C693F17141F9		168.122147	168.549103	35.000000	-1.599884	-24.740112	-53.229874	20130922231321040		
2013092223132104600	CMGyro	2013-09-22 23:13:21.046	R	22A7CFE3-2413-41D2-80F8-C693F17141F9		-0.005045	-0.049606	0.041976	62630.272270		
2013092223132106200	CMDevMot	2013-09-22 23:13:21.061	R	22A7CFE3-2413-41D2-80F8-C693F17141F9		0.998117	-0.023934	0.056481	0.028364	0.996472	-0.078983	-0.054392	0.080436	0.995275	0.039906	0.027753	0.013091	0.998732	0.054595	0.080523	0.024014	-0.119849	-0.032841	0.016350	0.054392	-0.080436	-0.995275	0.007925	0.007896	-0.062205	-0.786651	-22.323166	-53.051071	1.000000	62630.272270		
2013092223132107700	CMGyro	2013-09-22 23:13:21.077	R	22A7CFE3-2413-41D2-80F8-C693F17141F9		0.048113	-0.152259	0.024723	62630.303529		
2013092223132107900	CMDevMotMag	2013-09-22 23:13:21.078	R	22A7CFE3-2413-41D2-80F8-C693F17141F9		-128.821548	117.982193	-231.342255	0.000000	62630.312791		
2013092223132109300	CMDevMot	2013-09-22 23:13:21.093	R	22A7CFE3-2413-41D2-80F8-C693F17141F9		0.998284	-0.024315	0.053280	0.028357	0.996670	-0.076453	-0.051244	0.077833	0.995649	0.038617	0.026162	0.013184	0.998825	0.051422	0.077912	0.024392	-0.066691	-0.135495	-0.000904	0.051244	-0.077833	-0.995649	0.005824	0.000440	-0.016162	-0.828866	-22.022532	-53.175934	1.000000	62630.303529		
2013092223132110900	CMGyro	2013-09-22 23:13:21.108	R	22A7CFE3-2413-41D2-80F8-C693F17141F9		-0.029969	-0.120992	0.060502	62630.334789		
2013092223132111700	CMDevMotMag	2013-09-22 23:13:21.117	R	22A7CFE3-2413-41D2-80F8-C693F17141F9		-128.989716	119.155304	-232.818909	0.000000	62630.351571		
2013092223132112400	CMDevMot	2013-09-22 23:13:21.124	R	22A7CFE3-2413-41D2-80F8-C693F17141F9		0.998439	-0.024911	0.049982	0.028567	0.996861	-0.073834	-0.047986	0.075146	0.996017	0.037285	0.024519	0.013384	0.998914	0.048141	0.075217	0.024984	-0.144761	-0.104215	0.034875	0.047986	-0.075146	-0.996017	0.018970	-0.020740	0.033935	-1.015537	-21.918022	-53.215855	1.000000	62630.334789		
2013092223132114000	CMGyro	2013-09-22 23:13:21.139	R	22A7CFE3-2413-41D2-80F8-C693F17141F9		-0.082813	-0.066315	0.096271	62630.366048		
2013092223132114500	Heading	2013-09-22 23:13:21.144	R	22A7CFE3-2413-41D2-80F8-C693F17141F9		169.885773	170.312729	35.000000	-1.044922	-24.522263	-52.754044	20130922231321143		
2013092223132115600	CMDevMot	2013-09-22 23:13:21.155	R	22A7CFE3-2413-41D2-80F8-C693F17141F9		0.998476	-0.027056	0.048106	0.030356	0.997137	-0.069251	-0.046095	0.070606	0.996439	0.034999	0.023574	0.014367	0.999006	0.046227	0.070665	0.027127	-0.197570	-0.049516	0.070644	0.046095	-0.070606	-0.996439	0.004915	-0.018384	-0.003348	-1.175176	-21.732157	-53.288750	1.000000	62630.366048		
2013092223132115600	CMDevMotMag	2013-09-22 23:13:21.156	R	22A7CFE3-2413-41D2-80F8-C693F17141F9		-128.821548	119.993256	-233.311127	0.000000	62630.390396		
2013092223132117100	CMGyro	2013-09-22 23:13:21.171	R	22A7CFE3-2413-41D2-80F8-C693F17141F9		0.009444	-0.033024	0.088954	62630.397307		
2013092223132118700	CMDevMot	2013-09-22 23:13:21.186	R	22A7CFE3-2413-41D2-80F8-C693F17141F9		0.998449	-0.029592	0.047163	0.032642	0.997335	-0.065255	-0.045107	0.066694	0.996753	0.033018	0.023089	0.015573	0.999067	0.045223	0.066743	0.029663	-0.105290	-0.016228	0.063329	0.045107	-0.066694	-0.996753	-0.002458	-0.019717	-0.054776	-1.249577	-21.566111	-53.354473	1.000000	62630.397307		
2013092223132119500	CMDevMotMag	2013-09-22 23:13:21.194	R	22A7CFE3-2413-41D2-80F8-C693F17141F9		-130.839630	119.322906	-233.311127	0.000000	62630.429200		
2013092223132120200	CMGyro	2013-09-22 23:13:21.202	R	22A7CFE3-2413-41D2-80F8-C693F17141F9		0.134712	-0.024245	0.039114	62630.428566		
2013092223132121800	CMDevMot	2013-09-22 23:13:21.218	R	22A7CFE3-2413-41D2-80F8-C693F17141F9		0.998429	-0.030712	0.046857	0.033747	0.997287	-0.065427	-0.044720	0.066905	0.996757	0.033114	0.022916	0.016130	0.999059	0.044836	0.066955	0.030786	0.020011	-0.007447	0.013490	0.044720	-0.066905	-0.996757	0.002399	-0.027455	-0.030938	-1.344284	-21.347723	-53.439930	1.000000	62630.428566		
2013092223132123600	CMGyro	2013-09-22 23:13:21.235	R	22A7CFE3-2413-41D2-80F8-C693F17141F9		0.130375	-0.013067	0.074120	62630.459825		
2013092223132123600	CMDevMotMag	2013-09-22 23:13:21.236	R	22A7CFE3-2413-41D2-80F8-C693F17141F9		-129.830582	120.998779	-232.982971	0.000000	62630.468156		
2013092223132124900	CMDevMot	2013-09-22 23:13:21.249	R	22A7CFE3-2413-41D2-80F8-C693F17141F9		0.998359	-0.031517	0.047803	0.034741	0.997067	-0.068192	-0.045514	0.069740	0.996526	0.034518	0.023353	0.016581	0.998994	0.045641	0.069797	0.031599	0.015738	0.003760	0.048497	0.045514	-0.069740	-0.996526	0.020099	-0.044746	0.022878	-1.394528	-21.380281	-53.425625	1.000000	62630.459825		
2013092223132126500	CMGyro	2013-09-22 23:13:21.265	R	22A7CFE3-2413-41D2-80F8-C693F17141F9		0.044025	0.038441	0.114099	62630.491085		
2013092223132127400	CMDevMotMag	2013-09-22 23:13:21.274	R	22A7CFE3-2413-41D2-80F8-C693F17141F9		-131.175980	120.998779	-232.654831	0.000000	62630.507010		
2013092223132127500	Heading	2013-09-22 23:13:21.274	R	22A7CFE3-2413-41D2-80F8-C693F17141F9		168.861664	169.288620	35.000000	-1.599899	-23.499977	-53.361115	20130922231321273		
2013092223132128100	CMDevMot	2013-09-22 23:13:21.280	R	22A7CFE3-2413-41D2-80F8-C693F17141F9		0.998246	-0.033873	0.048550	0.037091	0.997065	-0.066974	-0.046139	0.068658	0.996573	0.033943	0.023696	0.017759	0.998985	0.046265	0.068712	0.033960	-0.070612	0.055268	0.088476	0.046139	-0.068658	-0.996573	0.003818	-0.029578	0.019125	-1.372468	-21.488041	-53.382946	1.000000	62630.491085		
2013092223132129600	CMGyro	2013-09-22 23:13:21.296	R	22A7CFE3-2413-41D2-80F8-C693F17141F9		0.081648	0.040854	0.087627	62630.522344		
2013092223132131200	CMDevMot	2013-09-22 23:13:21.312	R	22A7CFE3-2413-41D2-80F8-C693F17141F9		0.998064	-0.036246	0.050535	0.039557	0.997026	-0.066138	-0.047987	0.068009	0.996530	0.033572	0.024656	0.018971	0.998952	0.048117	0.068061	0.036338	-0.032951	0.057682	0.062006	0.047987	-0.068009	-0.996530	-0.014021	-0.018097	-0.032950	-1.340213	-21.431356	-53.406551	1.000000	62630.522344		
2013092223132131300	CMDevMotMag	2013-09-22 23:13:21.312	R	22A7CFE3-2413-41D2-80F8-C693F17141F9		-129.998764	121.501541	-232.490753	0.000000	62630.545817		
2013092223132132600	Heading	2013-09-22 23:13:21.326	R	22A7CFE3-2413-41D2-80F8-C693F17141F9		167.758759	168.185715	35.000000	-1.818527	-23.047485	-53.016571	20130922231321324		
2013092223132132700	CMGyro	2013-09-22 23:13:21.327	R	22A7CFE3-2413-41D2-80F8-C693F17141F9		0.109535	-0.053500	0.034526	62630.553603		
2013092223132134300	CMDevMot	2013-09-22 23:13:21.343	R	22A7CFE3-2413-41D2-80F8-C693F17141F9		0.998057	-0.037190	0.049992	0.040467	0.996984	-0.066224	-0.047378	0.068118	0.996552	0.033621	0.024368	0.019435	0.998949	0.047507	0.068171	0.037285	-0.005051	-0.036701	0.008908	0.047378	-0.068118	-0.996552	-0.010910	-0.017408	-0.026367	-1.309084	-21.392565	-53.422871	1.000000	62630.553603		
2013092223132135000	CMDevMotMag	2013-09-22 23:13:21.350	R	22A7CFE3-2413-41D2-80F8-C693F17141F9		-131.007812	120.831192	-233.803345	0.000000	62630.584568		
2013092223132135800	CMGyro	2013-09-22 23:13:21.358	R	22A7CFE3-2413-41D2-80F8-C693F17141F9		0.113681	-0.104841	0.041406	62630.584862		
2013092223132137400	CMDevMot	2013-09-22 23:13:21.374	R	22A7CFE3-2413-41D2-80F8-C693F17141F9		0.998168	-0.037530	0.047454	0.040701	0.996873	-0.067727	-0.044764	0.069534	0.996575	0.034351	0.023079	0.019578	0.998951	0.044888	0.069590	0.037630	-0.000852	-0.088028	0.015790	0.044764	-0.069534	-0.996575	0.003255	-0.039963	0.029137	-1.358572	-21.394724	-53.420769	1.000000	62630.584862		
2013092223132139000	CMDevMotMag	2013-09-22 23:13:21.389	R	22A7CFE3-2413-41D2-80F8-C693F17141F9		-131.175980	119.658081	-233.311127	0.000000	62630.623412		
2013092223132139000	CMGyro	2013-09-22 23:13:21.390	R	22A7CFE3-2413-41D2-80F8-C693F17141F9		0.124491	-0.061279	0.053730	62630.616122		
2013092223132140600	CMDevMot	2013-09-22 23:13:21.406	R	22A7CFE3-2413-41D2-80F8-C693F17141F9		0.998215	-0.038460	0.045689	0.041546	0.996776	-0.068643	-0.042901	0.070418	0.996595	0.034802	0.022171	0.020023	0.998948	0.043021	0.070477	0.038565	0.009987	-0.044469	0.028115	0.042901	-0.070418	-0.996595	-0.003442	-0.017121	0.026242	-1.569323	-21.465424	-53.386623	1.000000	62630.616122		
2013092223132142100	CMGyro	2013-09-22 23:13:21.421	R	22A7CFE3-2413-41D2-80F8-C693F17141F9		0.129253	-0.073262	0.001106	62630.647381		
2013092223132142800	CMDevMotMag	2013-09-22 23:13:21.428	R	22A7CFE3-2413-41D2-80F8-C693F17141F9		-129.830582	120.328430	-232.326691	0.000000	62630.662229		
2013092223132143700	CMDevMot	2013-09-22 23:13:21.436	R	22A7CFE3-2413-41D2-80F8-C693F17141F9		0.998280	-0.038164	0.044504	0.041191	0.996752	-0.069201	-0.041718	0.070915	0.996610	0.035066	0.021578	0.019860	0.998955	0.041836	0.070975	0.038270	0.014749	-0.056453	-0.024509	0.041718	-0.070915	-0.996610	0.002990	-0.024437	0.025342	-1.650199	-21.522621	-53.361149	1.000000	62630.647381		
2013092223132145300	CMGyro	2013-09-22 23:13:21.452	R	22A7CFE3-2413-41D2-80F8-C693F17141F9		0.108363	-0.123063	0.008721	62630.678640		
2013092223132146800	CMDevMotMag	2013-09-22 23:13:21.467	R	22A7CFE3-2413-41D2-80F8-C693F17141F9		-131.007812	121.836731	-233.475189	0.000000	62630.701131		
2013092223132146800	CMDevMot	2013-09-22 23:13:21.468	R	22A7CFE3-2413-41D2-80F8-C693F17141F9		0.998426	-0.037313	0.041862	0.040213	0.996686	-0.070711	-0.039085	0.072283	0.996618	0.035785	0.020258	0.019402	0.998966	0.039197	0.072346	0.037420	-0.006090	-0.106242	-0.016892	0.039085	-0.072283	-0.996618	0.008935	-0.040220	0.065252	-1.728423	-21.617060	-53.320484	1.000000	62630.678640		
2013092223132148400	CMGyro	2013-09-22 23:13:21.484	R	22A7CFE3-2413-41D2-80F8-C693F17141F9		0.066240	-0.043776	0.053629	62630.709899		
2013092223132150000	CMDevMot	2013-09-22 23:13:21.499	R	22A7CFE3-2413-41D2-80F8-C693F17141F9		0.998480	-0.037643	0.040263	0.040471	0.996591	-0.071887	-0.037420	0.073407	0.996600	0.036361	0.019441	0.019549	0.998958	0.037530	0.073473	0.037754	-0.048131	-0.026926	0.028017	0.037420	-0.073407	-0.996600	0.005717	-0.049716	0.098574	-1.808317	-21.616541	-53.318043	1.000000	62630.709899		
2013092223132150600	CMDevMotMag	2013-09-22 23:13:21.506	R	22A7CFE3-2413-41D2-80F8-C693F17141F9		-131.512329	120.998779	-231.670395	0.000000	62630.740031		
2013092223132151500	CMGyro	2013-09-22 23:13:21.515	R	22A7CFE3-2413-41D2-80F8-C693F17141F9		0.051164	0.047651	0.069361	62630.741159		
2013092223132153200	CMDevMot	2013-09-22 23:13:21.530	R	22A7CFE3-2413-41D2-80F8-C693F17141F9		0.998379	-0.038920	0.041526	0.041830	0.996550	-0.071679	-0.038593	0.073300	0.996563	0.036283	0.020051	0.020209	0.998936	0.038707	0.073366	0.039034	-0.063128	0.064512	0.043752	0.038593	-0.073300	-0.996563	0.003872	-0.044162	0.057629	-1.904052	-21.675209	-53.290886	1.000000	62630.741159		
2013092223132154500	CMDevMotMag	2013-09-22 23:13:21.544	R	22A7CFE3-2413-41D2-80F8-C693F17141F9		-130.166931	120.328430	-233.311127	0.000000	62630.778760		
2013092223132154600	CMGyro	2013-09-22 23:13:21.546	R	22A7CFE3-2413-41D2-80F8-C693F17141F9		0.029611	0.001871	0.056901	62630.772418		
2013092223132156200	CMDevMot	2013-09-22 23:13:21.561	R	22A7CFE3-2413-41D2-80F8-C693F17141F9		0.998267	-0.040326	0.042854	0.043308	0.996528	-0.071106	-0.039837	0.072839	0.996548	0.036025	0.020695	0.020931	0.998917	0.039954	0.072904	0.040445	-0.084607	0.018740	0.031295	0.039837	-0.072839	-0.996548	0.002887	-0.044669	0.024288	-1.839533	-21.610353	-53.319485	1.000000	62630.772418		
2013092223132157700	CMGyro	2013-09-22 23:13:21.577	R	22A7CFE3-2413-41D2-80F8-C693F17141F9		0.051597	-0.059202	0.061900	62630.803677		
2013092223132158400	CMDevMotMag	2013-09-22 23:13:21.583	R	22A7CFE3-2413-41D2-80F8-C693F17141F9		-131.175980	121.333954	-231.998535	0.000000	62630.817589		
2013092223132159300	CMDevMot	2013-09-22 23:13:21.593	R	22A7CFE3-2413-41D2-80F8-C693F17141F9		0.998251	-0.041417	0.042175	0.044247	0.996667	-0.068541	-0.039196	0.070287	0.996756	0.034743	0.020364	0.021438	0.998959	0.039303	0.070345	0.041532	-0.062620	-0.042333	0.036294	0.039196	-0.070287	-0.996756	0.013920	-0.064860	0.005042	-1.836008	-21.556900	-53.341240	1.000000	62630.803677		
2013092223132160900	CMGyro	2013-09-22 23:13:21.609	R	22A7CFE3-2413-41D2-80F8-C693F17141F9		0.067500	-0.051991	0.047919	62630.834936		
2013092223132162200	CMDevMotMag	2013-09-22 23:13:21.622	R	22A7CFE3-2413-41D2-80F8-C693F17141F9		-131.175980	121.669144	-233.311127	0.000000	62630.856426		
2013092223132162400	CMDevMot	2013-09-22 23:13:21.624	R	22A7CFE3-2413-41D2-80F8-C693F17141F9		0.998254	-0.042197	0.041333	0.045006	0.996561	-0.069568	-0.038256	0.071307	0.996720	0.035256	0.019918	0.021824	0.998941	0.038363	0.071368	0.042318	-0.046610	-0.035088	0.022315	0.038256	-0.071307	-0.996720	0.025038	-0.079160	0.027711	-1.889068	-21.583946	-53.328445	1.000000	62630.834936		
2013092223132164000	CMGyro	2013-09-22 23:13:21.640	R	22A7CFE3-2413-41D2-80F8-C693F17141F9		0.077626	-0.030152	0.128833	62630.866196		
2013092223132165600	CMDevMot	2013-09-22 23:13:21.655	R	22A7CFE3-2413-41D2-80F8-C693F17141F9		0.998129	-0.044181	0.042270	0.047140	0.996307	-0.071771	-0.038943	0.073629	0.996525	0.036391	0.020326	0.022856	0.998869	0.039059	0.073696	0.044316	-0.036323	-0.013188	0.103231	0.038943	-0.073629	-0.996525	0.032285	-0.096949	0.003346	-1.938596	-21.545233	-53.342323	1.000000	62630.866196		
2013092223132166100	CMDevMotMag	2013-09-22 23:13:21.661	R	22A7CFE3-2413-41D2-80F8-C693F17141F9		-129.662415	120.160843	-232.818909	0.000000	62630.895242		
2013092223132167100	CMGyro	2013-09-22 23:13:21.671	R	22A7CFE3-2413-41D2-80F8-C693F17141F9		0.033001	-0.022892	0.152662	62630.897455		
2013092223132169100	CMDevMot	2013-09-22 23:13:21.687	R	22A7CFE3-2413-41D2-80F8-C693F17141F9		0.997944	-0.047907	0.042582	0.050936	0.996019	-0.073151	-0.038908	0.075170	0.996411	0.037125	0.020397	0.024741	0.998796	0.039029	0.075241	0.048062	-0.080799	-0.005897	0.127065	0.038908	-0.075170	-0.996411	0.008073	-0.094996	-0.014804	-1.938708	-21.661114	-53.295368	1.000000	62630.897455		
2013092223132170000	CMDevMotMag	2013-09-22 23:13:21.700	R	22A7CFE3-2413-41D2-80F8-C693F17141F9		-130.671463	120.831192	-234.131485	0.000000	62630.934141		
2013092223132170200	CMGyro	2013-09-22 23:13:21.702	R	22A7CFE3-2413-41D2-80F8-C693F17141F9		0.095932	0.004172	0.123807	62630.928714		
2013092223132171800	CMDevMot	2013-09-22 23:13:21.718	R	22A7CFE3-2413-41D2-80F8-C693F17141F9		0.997743	-0.051652	0.042897	0.054752	0.995713	-0.074554	-0.038863	0.076734	0.996294	0.037870	0.020466	0.026635	0.998718	0.038987	0.076810	0.051828	-0.017727	0.021163	0.098218	0.038863	-0.076734	-0.996294	-0.002592	-0.094607	-0.054243	-2.045484	-21.664869	-53.289852	1.000000	62630.928714		
2013092223132173400	CMGyro	2013-09-22 23:13:21.733	R	22A7CFE3-2413-41D2-80F8-C693F17141F9		0.199877	-0.051498	0.045386	62630.959973		
2013092223132173900	CMDevMotMag	2013-09-22 23:13:21.739	R	22A7CFE3-2413-41D2-80F8-C693F17141F9		-130.335114	121.836731	-233.147049	0.000000	62630.972973		
2013092223132175000	CMDevMot	2013-09-22 23:13:21.749	R	22A7CFE3-2413-41D2-80F8-C693F17141F9		0.997674	-0.053255	0.042546	0.056485	0.995296	-0.078710	-0.038154	0.080930	0.995989	0.039965	0.020203	0.027473	0.998619	0.038289	0.081019	0.053456	0.086336	-0.034531	0.019806	0.038154	-0.080930	-0.995989	-0.013801	-0.082934	-0.089414	-2.089107	-21.816898	-53.226097	1.000000	62630.959973		
2013092223132176500	CMGyro	2013-09-22 23:13:21.764	R	22A7CFE3-2413-41D2-80F8-C693F17141F9		0.261522	-0.247336	-0.011196	62630.991233		
2013092223132177800	CMDevMotMag	2013-09-22 23:13:21.778	R	22A7CFE3-2413-41D2-80F8-C693F17141F9		-131.848679	120.663605	-232.654831	0.000000	62631.011872		
2013092223132178100	CMDevMot	2013-09-22 23:13:21.781	R	22A7CFE3-2413-41D2-80F8-C693F17141F9		0.997866	-0.052707	0.038548	0.055756	0.995001	-0.082847	-0.033989	0.084820	0.995816	0.041976	0.018160	0.027154	0.998584	0.034118	0.084922	0.052922	0.147982	-0.230369	-0.036777	0.033989	-0.084820	-0.995816	-0.007621	-0.079899	-0.070102	-2.212110	-22.101227	-53.103680	1.000000	62630.991233		
2013092223132179200	Heading	2013-09-22 23:13:21.792	R	22A7CFE3-2413-41D2-80F8-C693F17141F9		166.230179	166.657135	35.000000	-2.642609	-22.427383	-53.426743	20130922231321790		
2013092223132179600	CMGyro	2013-09-22 23:13:21.796	R	22A7CFE3-2413-41D2-80F8-C693F17141F9		0.168773	-0.219946	-0.059085	62631.022492		
2013092223132181200	CMDevMot	2013-09-22 23:13:21.812	R	22A7CFE3-2413-41D2-80F8-C693F17141F9		0.998258	-0.050729	0.030132	0.053221	0.994641	-0.088641	-0.025473	0.090091	0.995608	0.044747	0.013921	0.026025	0.998562	0.025580	0.090213	0.050959	0.055336	-0.203006	-0.084657	0.025473	-0.090091	-0.995608	-0.022742	-0.055082	0.022982	-2.362306	-22.221615	-53.046940	1.000000	62631.022492		
2013092223132181700	CMDevMotMag	2013-09-22 23:13:21.816	R	22A7CFE3-2413-41D2-80F8-C693F17141F9		-131.512329	120.328430	-232.654831	0.000000	62631.050703		
2013092223132182700	CMGyro	2013-09-22 23:13:21.827	R	22A7CFE3-2413-41D2-80F8-C693F17141F9		0.194417	0.113839	-0.061192	62631.053751		
2013092223132184200	CMDevMot	2013-09-22 23:13:21.842	R	22A7CFE3-2413-41D2-80F8-C693F17141F9		0.998439	-0.047773	0.028935	0.050271	0.994408	-0.092873	-0.024336	0.094183	0.995257	0.046834	0.013338	0.024547	0.998512	0.024447	0.094323	0.048004	0.081093	0.130724	-0.086752	0.024336	-0.094183	-0.995257	-0.027724	-0.060587	-0.065091	-2.891367	-22.674343	-52.828712	1.000000	62631.053751		
2013092223132185500	CMDevMotMag	2013-09-22 23:13:21.855	R	22A7CFE3-2413-41D2-80F8-C693F17141F9		-131.007812	120.831192	-233.803345	0.000000	62631.089504		
2013092223132185800	CMGyro	2013-09-22 23:13:21.858	R	22A7CFE3-2413-41D2-80F8-C693F17141F9		0.165696	0.189427	-0.126540	62631.085010		
2013092223132187500	CMDevMot	2013-09-22 23:13:21.875	R	22A7CFE3-2413-41D2-80F8-C693F17141F9		0.998447	-0.043949	0.034228	0.047037	0.994330	-0.095371	-0.029842	0.096833	0.994853	0.048125	0.016042	0.022782	0.998453	0.029988	0.096984	0.044171	0.052396	0.206285	-0.152096	0.029842	-0.096832	-0.994853	-0.011944	-0.022598	-0.109837	-2.613439	-22.814665	-52.782761	1.000000	62631.085010		
