2013092119550161500	Event	Test Begin	Default Test	2013-09-21 19:55:01.596	R	22A7CFE3-2413-41D2-80F8-C693F17141F9	ApioTest version 1.07		
2013092119550161500	Config	Local Default		DevMotRate	32.0	MagnetometerRate	32.0	LocDistanceFilter	20	AccelerometerRate	32.0	GyroRate	32.0		
2013092119550161500	Customer	22A7CFE3-2413-41D2-80F8-C693F17141F9	Kayla	Washenberger	6517697331			
2013092119550161500	Vehicle	Chevy	Silverado	1999	Navy			
2013092119550161500	Event	Text	Default Test	2013-09-21 19:55:01.595	R	22A7CFE3-2413-41D2-80F8-C693F17141F9	Driver		
2013092119550162600	CMGyro	2013-09-21 19:55:01.626	R	22A7CFE3-2413-41D2-80F8-C693F17141F9		0.106253	0.007927	-0.052490	47354.320962		
2013092119550164100	CMDevMot	2013-09-21 19:55:01.641	R	22A7CFE3-2413-41D2-80F8-C693F17141F9		1.000000	0.000416	0.000120	-0.000416	1.000000	0.000032	-0.000120	-0.000032	1.000000	-0.000016	0.000060	-0.000208	1.000000	0.000120	-0.000032	-0.000416	-0.006169	0.023033	-0.079751	0.000120	0.000032	-1.000000	0.000000	0.000000	0.000000	0.000000	0.000000	0.000000	-1.000000	47354.320962		
2013092119550165700	Event	Bluetooth	Default Test	2013-09-21 19:55:01.657	R	22A7CFE3-2413-41D2-80F8-C693F17141F9	Bluetooth is currently powered on and available to use.		
2013092119550165700	CMGyro	2013-09-21 19:55:01.657	R	22A7CFE3-2413-41D2-80F8-C693F17141F9		0.308850	0.186268	-0.132357	47354.352222		
2013092119550166500	CMDevMotMag	2013-09-21 19:55:01.664	R	22A7CFE3-2413-41D2-80F8-C693F17141F9		-144.461761	131.556854	-240.694382	0.000000	47354.367294		
2013092119550167300	CMDevMot	2013-09-21 19:55:01.673	R	22A7CFE3-2413-41D2-80F8-C693F17141F9		0.999980	0.003759	0.005125	-0.002951	0.988779	-0.149356	-0.005629	0.149338	0.988770	0.074884	0.002696	-0.001682	0.997187	0.005693	0.149899	-0.003801	0.196429	0.201373	-0.159618	0.005629	-0.149338	-0.988770	0.022173	-0.006194	-0.018920	0.000000	0.000000	0.000000	-1.000000	47354.352222		
2013092119550168900	CMGyro	2013-09-21 19:55:01.689	R	22A7CFE3-2413-41D2-80F8-C693F17141F9		0.240528	0.033909	-0.026054	47354.383482		
2013092119550169700	Location	2013-09-21 19:55:01.696	R	22A7CFE3-2413-41D2-80F8-C693F17141F9		44.834114	-92.934512	272.996925	10.000000	4.000000	0.460000	198.281250	20130921195501641		
2013092119550170300	CMDevMotMag	2013-09-21 19:55:01.703	R	22A7CFE3-2413-41D2-80F8-C693F17141F9		-143.452713	132.227203	-240.366241	0.000000	47354.406268		
2013092119550170400	CMDevMot	2013-09-21 19:55:01.704	R	22A7CFE3-2413-41D2-80F8-C693F17141F9		0.999936	0.007839	0.008205	-0.006475	0.987931	-0.154757	-0.009319	0.154693	0.987919	0.077598	0.004394	-0.003589	0.996969	0.009432	0.155317	-0.007935	0.128108	0.049014	-0.053315	0.009319	-0.154693	-0.987919	0.075093	-0.045685	0.046024	0.000000	0.000000	0.000000	-1.000000	47354.383482		
2013092119550172000	CMGyro	2013-09-21 19:55:01.720	R	22A7CFE3-2413-41D2-80F8-C693F17141F9		0.017221	0.192843	0.193175	47354.414742		
2013092119550173500	CMDevMot	2013-09-21 19:55:01.735	R	22A7CFE3-2413-41D2-80F8-C693F17141F9		0.999914	0.005420	0.011920	-0.003513	0.987979	-0.154548	-0.012614	0.154493	0.987913	0.077495	0.006152	-0.002240	0.996971	0.012768	0.155114	-0.005486	-0.095199	0.207949	0.165914	0.012614	-0.154493	-0.987913	0.054204	-0.051455	0.061156	0.000000	0.000000	0.000000	-1.000000	47354.414742		
2013092119550174500	CMDevMotMag	2013-09-21 19:55:01.744	R	22A7CFE3-2413-41D2-80F8-C693F17141F9		-141.939133	133.065140	-240.202164	0.000000	47354.445158		
2013092119550175000	CMGyro	2013-09-21 19:55:01.750	R	22A7CFE3-2413-41D2-80F8-C693F17141F9		-0.059008	0.382744	0.259033	47354.446002		
2013092119550176700	CMDevMot	2013-09-21 19:55:01.767	R	22A7CFE3-2413-41D2-80F8-C693F17141F9		0.999754	-0.001066	0.022150	0.004375	0.988696	-0.149872	-0.021740	0.149932	0.988457	0.075169	0.011004	0.001364	0.997109	0.021990	0.150500	0.001079	-0.171427	0.397850	0.231772	0.021740	-0.149932	-0.988457	0.018558	0.021820	-0.073326	0.000000	0.000000	0.000000	-1.000000	47354.446002		
2013092119550178100	CMDevMotMag	2013-09-21 19:55:01.780	R	22A7CFE3-2413-41D2-80F8-C693F17141F9		-141.939133	133.400314	-239.874023	0.000000	47354.483976		
2013092119550178100	CMGyro	2013-09-21 19:55:01.781	R	22A7CFE3-2413-41D2-80F8-C693F17141F9		0.077677	0.249128	0.081430	47354.477262		
2013092119550179800	CMDevMot	2013-09-21 19:55:01.797	R	22A7CFE3-2413-41D2-80F8-C693F17141F9		0.999451	-0.005477	0.032682	0.010145	0.989464	-0.144423	-0.031547	0.144675	0.988976	0.072475	0.016102	0.003917	0.997233	0.031888	0.145185	0.005536	-0.034771	0.264229	0.054169	0.031547	-0.144675	-0.988976	-0.000160	0.041053	-0.150459	0.000000	0.000000	0.000000	-1.000000	47354.477262		
2013092119550181400	CMGyro	2013-09-21 19:55:01.814	R	22A7CFE3-2413-41D2-80F8-C693F17141F9		0.307706	-0.030275	-0.017903	47354.508522		
2013092119550182000	CMDevMotMag	2013-09-21 19:55:01.820	R	22A7CFE3-2413-41D2-80F8-C693F17141F9		-142.443665	133.567917	-239.709946	0.000000	47354.523058		
2013092119550183100	CMDevMot	2013-09-21 19:55:01.830	R	22A7CFE3-2413-41D2-80F8-C693F17141F9		0.999368	-0.004851	0.035220	0.009999	0.989010	-0.147509	-0.034118	0.147768	0.988433	0.074034	0.017385	0.003723	0.997097	0.034503	0.148311	0.004905	0.195259	-0.015174	-0.045163	0.034118	-0.147768	-0.988433	0.000489	0.021349	-0.101899	0.000000	0.000000	0.000000	-1.000000	47354.508522		
2013092119550184600	CMGyro	2013-09-21 19:55:01.845	R	22A7CFE3-2413-41D2-80F8-C693F17141F9		0.321723	0.005720	-0.041845	47354.539782		
2013092119550186000	CMDevMotMag	2013-09-21 19:55:01.860	R	22A7CFE3-2413-41D2-80F8-C693F17141F9		-142.780014	130.886490	-240.694382	0.000000	47354.561956		
2013092119550186000	CMDevMot	2013-09-21 19:55:01.860	R	22A7CFE3-2413-41D2-80F8-C693F17141F9		0.999424	-0.002961	0.033815	0.008122	0.988111	-0.153527	-0.032958	0.153713	0.987566	0.077050	0.016745	0.002780	0.996883	0.033361	0.154325	0.002997	0.209260	0.020796	-0.069101	0.032958	-0.153714	-0.987566	-0.023727	0.014401	0.065370	0.000000	0.000000	0.000000	-1.000000	47354.539782		
2013092119550187600	CMGyro	2013-09-21 19:55:01.876	R	22A7CFE3-2413-41D2-80F8-C693F17141F9		0.273765	0.106212	-0.091498	47354.571042		
2013092119550189300	CMDevMot	2013-09-21 19:55:01.891	R	22A7CFE3-2413-41D2-80F8-C693F17141F9		0.999327	0.000415	0.036675	0.005413	0.987320	-0.158652	-0.036276	0.158744	0.986653	0.079615	0.018299	0.001254	0.996657	0.036750	0.159418	-0.000420	0.161303	0.121288	-0.118755	0.036276	-0.158744	-0.986653	-0.037985	0.022559	0.087437	0.000000	0.000000	0.000000	-1.000000	47354.571042		
2013092119550190000	CMDevMotMag	2013-09-21 19:55:01.899	R	22A7CFE3-2413-41D2-80F8-C693F17141F9		-141.939133	130.718903	-240.858459	0.000000	47354.600721		
2013092119550190700	CMGyro	2013-09-21 19:55:01.907	R	22A7CFE3-2413-41D2-80F8-C693F17141F9		0.289475	0.070787	-0.112941	47354.602302		
2013092119550192300	CMDevMot	2013-09-21 19:55:01.923	R	22A7CFE3-2413-41D2-80F8-C693F17141F9		0.999314	0.004662	0.036736	0.001381	0.986661	-0.162780	-0.037005	0.162719	0.985978	0.081662	0.018500	-0.000823	0.996488	0.037514	0.163446	-0.004725	0.176987	0.085784	-0.140186	0.037005	-0.162719	-0.985978	-0.028323	0.022323	0.090593	0.000000	0.000000	0.000000	-1.000000	47354.602302		
2013092119550193700	CMDevMotMag	2013-09-21 19:55:01.936	R	22A7CFE3-2413-41D2-80F8-C693F17141F9		-141.266449	130.048553	-241.186600	0.000000	47354.639647		
2013092119550193800	CMGyro	2013-09-21 19:55:01.938	R	22A7CFE3-2413-41D2-80F8-C693F17141F9		0.256674	0.136770	-0.064111	47354.633562		
2013092119550195400	CMDevMot	2013-09-21 19:55:01.954	R	22A7CFE3-2413-41D2-80F8-C693F17141F9		0.999155	0.008482	0.040225	-0.001611	0.985808	-0.167872	-0.041078	0.167665	0.984988	0.084201	0.020402	-0.002533	0.996237	0.041680	0.168461	-0.008604	0.144188	0.151768	-0.091355	0.041078	-0.167665	-0.984988	-0.016740	0.011888	0.102450	0.000000	0.000000	0.000000	-1.000000	47354.633562		
2013092119550197100	CMGyro	2013-09-21 19:55:01.970	R	22A7CFE3-2413-41D2-80F8-C693F17141F9		0.106126	0.249639	0.039553	47354.664822		
2013092119550197600	CMDevMotMag	2013-09-21 19:55:01.976	R	22A7CFE3-2413-41D2-80F8-C693F17141F9		-142.275482	130.383728	-238.889587	0.000000	47354.678442		
2013092119550198700	CMDevMot	2013-09-21 19:55:01.986	R	22A7CFE3-2413-41D2-80F8-C693F17141F9		0.998840	0.009460	0.047214	-0.001300	0.985452	-0.169948	-0.048135	0.169690	0.984321	0.085245	0.023931	-0.002700	0.996069	0.048863	0.170515	-0.009599	-0.006360	0.264636	0.012309	0.048135	-0.169690	-0.984321	-0.014993	0.017865	0.039039	0.000000	0.000000	0.000000	-1.000000	47354.664822		
2013092119550200200	CMGyro	2013-09-21 19:55:02.002	R	22A7CFE3-2413-41D2-80F8-C693F17141F9		0.040869	0.160140	0.043631	47354.696082		
2013092119550201400	CMDevMotMag	2013-09-21 19:55:02.014	R	22A7CFE3-2413-41D2-80F8-C693F17141F9		-140.930099	131.724442	-239.545883	0.000000	47354.717229		
2013092119550201700	CMDevMot	2013-09-21 19:55:02.017	R	22A7CFE3-2413-41D2-80F8-C693F17141F9		0.998593	0.008272	0.052371	0.000402	0.986544	-0.163495	-0.053019	0.163286	0.985153	0.082000	0.026446	-0.001975	0.996279	0.053766	0.164020	-0.008385	-0.071796	0.175070	0.016392	0.053019	-0.163286	-0.985153	-0.014887	0.052629	-0.059113	0.000000	0.000000	0.000000	-1.000000	47354.696082		
2013092119550203200	CMGyro	2013-09-21 19:55:02.032	R	22A7CFE3-2413-41D2-80F8-C693F17141F9		0.105667	-0.031405	0.005838	47354.727342		
2013092119550204800	CMDevMot	2013-09-21 19:55:02.047	R	22A7CFE3-2413-41D2-80F8-C693F17141F9		0.998534	0.008114	0.053516	0.000343	0.987733	-0.156155	-0.054127	0.155944	0.986282	0.078294	0.027004	-0.001950	0.996563	0.054825	0.156583	-0.008215	-0.007263	-0.016519	-0.021400	0.054127	-0.155944	-0.986282	-0.004856	0.054595	-0.090302	0.000000	0.000000	0.000000	-1.000000	47354.727342		
2013092119550205400	CMDevMotMag	2013-09-21 19:55:02.054	R	22A7CFE3-2413-41D2-80F8-C693F17141F9		-141.098267	132.227203	-241.022537	0.000000	47354.756149		
2013092119550206300	CMGyro	2013-09-21 19:55:02.063	R	22A7CFE3-2413-41D2-80F8-C693F17141F9		0.185854	-0.154963	-0.051751	47354.758602		
2013092119550209200	CMDevMotMag	2013-09-21 19:55:02.092	R	22A7CFE3-2413-41D2-80F8-C693F17141F9		-140.425568	130.551315	-239.709946	0.000000	47354.795141		
2013092119550209600	CMDevMot	2013-09-21 19:55:02.095	R	22A7CFE3-2413-41D2-80F8-C693F17141F9		0.998700	0.009897	0.050008	-0.002075	0.988052	-0.154107	-0.050936	0.153803	0.986788	0.077233	0.025320	-0.003003	0.996687	0.051572	0.154416	-0.010016	0.072766	-0.140088	-0.078992	0.050936	-0.153803	-0.986788	-0.001192	0.035867	-0.019377	0.000000	0.000000	0.000000	-1.000000	47354.758602		
2013092119550211100	CMGyro	2013-09-21 19:55:02.111	R	22A7CFE3-2413-41D2-80F8-C693F17141F9		0.276998	-0.094454	-0.052524	47354.805492		
2013092119550212700	CMDevMot	2013-09-21 19:55:02.126	R	22A7CFE3-2413-41D2-80F8-C693F17141F9		0.998769	0.012920	0.047897	-0.005166	0.987330	-0.158599	-0.049339	0.158156	0.986181	0.079464	0.024394	-0.004537	0.996529	0.049989	0.158823	-0.013085	0.163934	-0.079530	-0.079771	0.049339	-0.158156	-0.986181	0.009148	0.002486	0.043401	-16.206728	0.462725	-45.040810	1.000000	47354.805492		
2013092119550213100	CMDevMotMag	2013-09-21 19:55:02.131	R	22A7CFE3-2413-41D2-80F8-C693F17141F9		-140.593750	129.713379	-240.858459	0.000000	47354.833966		
2013092119550214200	CMGyro	2013-09-21 19:55:02.141	R	22A7CFE3-2413-41D2-80F8-C693F17141F9		0.170273	-0.039321	-0.055282	47354.836752		
2013092119550215800	CMDevMot	2013-09-21 19:55:02.157	R	22A7CFE3-2413-41D2-80F8-C693F17141F9		0.998821	0.015185	0.046106	-0.007525	0.986764	-0.161988	-0.047955	0.161450	0.985715	0.081151	0.023600	-0.005698	0.996406	0.048612	0.162160	-0.015388	0.057209	-0.024398	-0.082529	0.047955	-0.161450	-0.985715	-0.009763	-0.004077	0.085279	-16.300514	0.212051	-45.008831	1.000000	47354.836752		
2013092119550216000	Heading	2013-09-21 19:55:02.159	R	22A7CFE3-2413-41D2-80F8-C693F17141F9		72.122223	72.307396	35.000000	-14.785255	-1.453201	-44.096527	20130921195502158		
2013092119550217000	CMDevMotMag	2013-09-21 19:55:02.169	R	22A7CFE3-2413-41D2-80F8-C693F17141F9		-140.425568	130.886490	-240.694382	0.000000	47354.872709		
2013092119550217300	CMGyro	2013-09-21 19:55:02.173	R	22A7CFE3-2413-41D2-80F8-C693F17141F9		0.107995	0.032098	-0.017620	47354.868012		
2013092119550218400	Heading	2013-09-21 19:55:02.184	R	22A7CFE3-2413-41D2-80F8-C693F17141F9		71.019623	71.204796	35.000000	-14.729210	-1.327515	-44.246933	20130921195502183		
2013092119550218900	CMDevMot	2013-09-21 19:55:02.188	R	22A7CFE3-2413-41D2-80F8-C693F17141F9		0.998751	0.017389	0.046852	-0.009488	0.986438	-0.163861	-0.049066	0.163212	0.985370	0.082071	0.024068	-0.006744	0.996313	0.049753	0.163945	-0.017626	-0.004962	0.047021	-0.044863	0.049066	-0.163212	-0.985370	0.017798	-0.023220	0.039173	-16.373329	-0.087592	-44.982807	1.000000	47354.868012		
2013092119550220400	CMGyro	2013-09-21 19:55:02.204	R	22A7CFE3-2413-41D2-80F8-C693F17141F9		0.092882	-0.013119	0.047631	47354.899272		
2013092119550220900	CMDevMotMag	2013-09-21 19:55:02.208	R	22A7CFE3-2413-41D2-80F8-C693F17141F9		-140.761917	131.556854	-239.709946	0.000000	47354.911542		
2013092119550222000	CMDevMot	2013-09-21 19:55:02.220	R	22A7CFE3-2413-41D2-80F8-C693F17141F9		0.998579	0.018097	0.050127	-0.009541	0.986090	-0.165936	-0.052433	0.165222	0.984862	0.083107	0.025738	-0.006936	0.996184	0.053189	0.165983	-0.018350	-0.019942	0.001955	0.020371	0.052433	-0.165222	-0.984862	0.025692	-0.024185	-0.010240	-16.206825	-0.209774	-45.042664	1.000000	47354.899272		
2013092119550223500	CMGyro	2013-09-21 19:55:02.235	R	22A7CFE3-2413-41D2-80F8-C693F17141F9		0.047880	-0.074609	0.062118	47354.930532		
2013092119550223500	Heading	2013-09-21 19:55:02.235	R	22A7CFE3-2413-41D2-80F8-C693F17141F9		69.895340	70.080513	35.000000	-15.048729	-0.866638	-44.452026	20130921195502234		
2013092119550224700	CMDevMotMag	2013-09-21 19:55:02.247	R	22A7CFE3-2413-41D2-80F8-C693F17141F9		-140.089218	129.210617	-238.725510	0.000000	47354.950348		
2013092119550225200	CMDevMot	2013-09-21 19:55:02.251	R	22A7CFE3-2413-41D2-80F8-C693F17141F9		0.998598	0.017408	0.049983	-0.008928	0.986234	-0.165116	-0.052170	0.164439	0.985007	0.082701	0.025635	-0.006609	0.996223	0.052914	0.165189	-0.017649	-0.064884	-0.059439	0.034845	0.052170	-0.164439	-0.985007	0.020874	-0.022756	-0.011804	-16.194784	-0.200318	-45.047035	1.000000	47354.930532		
2013092119550226700	CMGyro	2013-09-21 19:55:02.266	R	22A7CFE3-2413-41D2-80F8-C693F17141F9		0.015478	-0.058997	0.076589	47354.961793		
2013092119550228200	CMDevMot	2013-09-21 19:55:02.282	R	22A7CFE3-2413-41D2-80F8-C693F17141F9		0.998656	0.015874	0.049338	-0.007582	0.986447	-0.163902	-0.051271	0.163308	0.985242	0.082107	0.025246	-0.005886	0.996286	0.051992	0.164043	-0.016090	-0.097184	-0.043775	0.049312	0.051271	-0.163308	-0.985242	0.012084	-0.023231	-0.009189	-16.202042	-0.152424	-45.044613	1.000000	47354.961793		
2013092119550228600	CMDevMotMag	2013-09-21 19:55:02.286	R	22A7CFE3-2413-41D2-80F8-C693F17141F9		-141.434616	131.892029	-240.038101	0.000000	47354.989156		
2013092119550229800	CMGyro	2013-09-21 19:55:02.298	R	22A7CFE3-2413-41D2-80F8-C693F17141F9		0.002049	-0.106271	0.072522	47354.993053		
2013092119550231400	CMDevMot	2013-09-21 19:55:02.313	R	22A7CFE3-2413-41D2-80F8-C693F17141F9		0.998752	0.014328	0.047855	-0.006413	0.986833	-0.161613	-0.049541	0.161104	0.985693	0.080970	0.024437	-0.005204	0.996403	0.050217	0.161809	-0.014518	-0.110529	-0.091003	0.045242	0.049541	-0.161104	-0.985693	0.010030	-0.018553	-0.008020	-16.269148	0.013361	-45.020676	1.000000	47354.993053		
2013092119550232500	CMDevMotMag	2013-09-21 19:55:02.325	R	22A7CFE3-2413-41D2-80F8-C693F17141F9		-141.602783	130.048553	-239.545883	0.000000	47355.028056		
2013092119550232900	CMGyro	2013-09-21 19:55:02.329	R	22A7CFE3-2413-41D2-80F8-C693F17141F9		0.032512	-0.080169	0.054910	47355.024313		
2013092119550234500	CMDevMot	2013-09-21 19:55:02.345	R	22A7CFE3-2413-41D2-80F8-C693F17141F9		0.998895	0.013115	0.045127	-0.005783	0.987273	-0.158929	-0.046637	0.158493	0.986258	0.079630	0.023020	-0.004741	0.996547	0.047252	0.159164	-0.013283	-0.080099	-0.064986	0.027664	0.046637	-0.158493	-0.986258	-0.003470	-0.024781	0.028296	-16.368639	0.129603	-44.984413	1.000000	47355.024313		
2013092119550236000	CMGyro	2013-09-21 19:55:02.360	R	22A7CFE3-2413-41D2-80F8-C693F17141F9		0.024914	-0.056864	0.081409	47355.055573		
2013092119550236500	CMDevMotMag	2013-09-21 19:55:02.364	R	22A7CFE3-2413-41D2-80F8-C693F17141F9		-141.098267	132.227203	-240.366241	0.000000	47355.066877		
2013092119550237700	CMDevMot	2013-09-21 19:55:02.377	R	22A7CFE3-2413-41D2-80F8-C693F17141F9		0.998938	0.011926	0.044507	-0.004547	0.986726	-0.162333	-0.045853	0.161959	0.985732	0.081364	0.022671	-0.004133	0.996418	0.046483	0.162675	-0.012086	-0.087605	-0.041670	0.054166	0.045853	-0.161959	-0.985732	0.005951	-0.032271	0.028945	-16.439838	0.076488	-44.958565	1.000000	47355.055573		
2013092119550239200	CMGyro	2013-09-21 19:55:02.391	R	22A7CFE3-2413-41D2-80F8-C693F17141F9		-0.015871	-0.064760	0.089113	47355.086833		
2013092119550240200	CMDevMotMag	2013-09-21 19:55:02.402	R	22A7CFE3-2413-41D2-80F8-C693F17141F9		-142.611832	131.724442	-239.874023	0.000000	47355.105662		
2013092119550240800	CMDevMot	2013-09-21 19:55:02.407	R	22A7CFE3-2413-41D2-80F8-C693F17141F9		0.999006	0.010020	0.043445	-0.002752	0.986420	-0.164222	-0.044500	0.163939	0.985466	0.082340	0.022067	-0.003205	0.996355	0.045126	0.164683	-0.010157	-0.128306	-0.049557	0.061873	0.044500	-0.163939	-0.985466	-0.007909	-0.028138	0.037911	-16.450851	0.060290	-44.954563	1.000000	47355.086833		
2013092119550242300	CMGyro	2013-09-21 19:55:02.422	R	22A7CFE3-2413-41D2-80F8-C693F17141F9		-0.011393	-0.079352	0.047116	47355.118093		
2013092119550243900	CMDevMot	2013-09-21 19:55:02.438	R	22A7CFE3-2413-41D2-80F8-C693F17141F9		0.999128	0.008405	0.040901	-0.001729	0.987019	-0.160595	-0.041720	0.160384	0.986173	0.080524	0.020727	-0.002542	0.996534	0.042280	0.161080	-0.008516	-0.123818	-0.064166	0.019879	0.041720	-0.160384	-0.986173	-0.020465	-0.010377	0.004331	-16.497656	0.006894	-44.937447	1.000000	47355.118093		
2013092119550244200	CMDevMotMag	2013-09-21 19:55:02.441	R	22A7CFE3-2413-41D2-80F8-C693F17141F9		-141.770966	130.886490	-240.038101	0.000000	47355.144595		
2013092119550245400	CMGyro	2013-09-21 19:55:02.454	R	22A7CFE3-2413-41D2-80F8-C693F17141F9		0.012713	-0.124290	0.020104	47355.149353		
2013092119550247000	CMDevMot	2013-09-21 19:55:02.470	R	22A7CFE3-2413-41D2-80F8-C693F17141F9		0.999282	0.007980	0.037039	-0.001995	0.987295	-0.158884	-0.037837	0.158696	0.986602	0.079663	0.018782	-0.002502	0.996642	0.038332	0.159370	-0.008082	-0.099682	-0.109122	-0.007128	0.037837	-0.158696	-0.986602	-0.010951	-0.016429	0.014999	-16.693747	0.239056	-44.864330	1.000000	47355.149353		
2013092119550248000	CMDevMotMag	2013-09-21 19:55:02.480	R	22A7CFE3-2413-41D2-80F8-C693F17141F9		-141.939133	130.718903	-241.514740	0.000000	47355.183406		
2013092119550248500	CMGyro	2013-09-21 19:55:02.485	R	22A7CFE3-2413-41D2-80F8-C693F17141F9		0.030809	-0.122001	0.012129	47355.180613		
2013092119550250100	CMDevMot	2013-09-21 19:55:02.501	R	22A7CFE3-2413-41D2-80F8-C693F17141F9		0.999448	0.007943	0.032247	-0.002679	0.987095	-0.160113	-0.033102	0.159939	0.986572	0.080283	0.016392	-0.002665	0.996634	0.033540	0.160629	-0.008047	-0.081502	-0.106860	-0.015094	0.033102	-0.159939	-0.986572	-0.009741	-0.021519	0.028717	-16.891768	0.251689	-44.790081	1.000000	47355.180613		
2013092119550251600	CMGyro	2013-09-21 19:55:02.516	R	22A7CFE3-2413-41D2-80F8-C693F17141F9		0.045910	-0.113250	-0.017181	47355.211873		
2013092119550251900	CMDevMotMag	2013-09-21 19:55:02.519	R	22A7CFE3-2413-41D2-80F8-C693F17141F9		-143.116364	131.556854	-240.366241	0.000000	47355.222226		
2013092119550253300	CMDevMot	2013-09-21 19:55:02.532	R	22A7CFE3-2413-41D2-80F8-C693F17141F9		0.999591	0.008543	0.027275	-0.004049	0.986987	-0.160752	-0.028294	0.160576	0.986618	0.080603	0.013939	-0.003159	0.996644	0.028670	0.161274	-0.008656	-0.066339	-0.098143	-0.044395	0.028294	-0.160576	-0.986618	-0.017613	-0.019081	0.044769	-17.096214	0.226805	-44.712578	1.000000	47355.211873		
2013092119550254800	CMGyro	2013-09-21 19:55:02.548	R	22A7CFE3-2413-41D2-80F8-C693F17141F9		0.055865	0.014268	-0.036971	47355.243133		
2013092119550255800	CMDevMotMag	2013-09-21 19:55:02.558	R	22A7CFE3-2413-41D2-80F8-C693F17141F9		-142.275482	133.735504	-239.217728	0.000000	47355.261127		
2013092119550256400	CMDevMot	2013-09-21 19:55:02.563	R	22A7CFE3-2413-41D2-80F8-C693F17141F9		0.999648	0.009793	0.024667	-0.005673	0.986794	-0.161880	-0.025926	0.161683	0.986502	0.081166	0.012691	-0.003880	0.996612	0.026275	0.162396	-0.009924	-0.056317	0.029331	-0.064174	0.025926	-0.161683	-0.986502	-0.019350	-0.020461	0.045462	-17.223862	0.184785	-44.663757	1.000000	47355.243133		
2013092119550257900	CMGyro	2013-09-21 19:55:02.579	R	22A7CFE3-2413-41D2-80F8-C693F17141F9		0.033259	0.084119	-0.062131	47355.274393		
2013092119550259500	CMDevMot	2013-09-21 19:55:02.595	R	22A7CFE3-2413-41D2-80F8-C693F17141F9		0.999608	0.012018	0.025268	-0.007791	0.986893	-0.161189	-0.026874	0.160929	0.986600	0.080802	0.013079	-0.004969	0.996632	0.027232	0.161632	-0.012177	-0.078885	0.099136	-0.089323	0.026874	-0.160929	-0.986600	-0.011233	-0.011922	-0.012271	-17.340076	0.112113	-44.619007	1.000000	47355.274393		
2013092119550259700	CMDevMotMag	2013-09-21 19:55:02.597	R	22A7CFE3-2413-41D2-80F8-C693F17141F9		-141.939133	132.059616	-240.202164	0.000000	47355.299929		
2013092119550261000	CMGyro	2013-09-21 19:55:02.610	R	22A7CFE3-2413-41D2-80F8-C693F17141F9		0.021825	0.054163	-0.044136	47355.305653		
2013092119550262700	CMDevMot	2013-09-21 19:55:02.626	R	22A7CFE3-2413-41D2-80F8-C693F17141F9		0.999501	0.014292	0.028174	-0.009644	0.987285	-0.158669	-0.030083	0.158318	0.986930	0.079509	0.014612	-0.006004	0.996709	0.030472	0.158987	-0.014475	-0.090316	0.069171	-0.071326	0.030083	-0.158318	-0.986930	0.003303	-0.003562	-0.072351	-17.249258	0.136038	-44.654129	1.000000	47355.305653		
2013092119550263600	CMDevMotMag	2013-09-21 19:55:02.635	R	22A7CFE3-2413-41D2-80F8-C693F17141F9		-142.780014	130.551315	-239.709946	0.000000	47355.338741		
2013092119550264200	CMGyro	2013-09-21 19:55:02.641	R	22A7CFE3-2413-41D2-80F8-C693F17141F9		0.159027	-0.247011	-0.011714	47355.336913		
2013092119550265800	CMDevMot	2013-09-21 19:55:02.657	R	22A7CFE3-2413-41D2-80F8-C693F17141F9		0.999536	0.015976	0.025916	-0.011696	0.987428	-0.157638	-0.028108	0.157262	0.987157	0.078981	0.013550	-0.006941	0.996760	0.028466	0.157917	-0.016178	0.046887	-0.232003	-0.038905	0.028108	-0.157262	-0.987157	0.020476	0.001744	-0.132884	-17.177326	0.212478	-44.681553	1.000000	47355.336913		
2013092119550267300	CMGyro	2013-09-21 19:55:02.673	R	22A7CFE3-2413-41D2-80F8-C693F17141F9		0.421451	-0.546637	-0.078395	47355.368173		
2013092119550267600	CMDevMotMag	2013-09-21 19:55:02.676	R	22A7CFE3-2413-41D2-80F8-C693F17141F9		-143.620880	131.054077	-239.217728	0.000000	47355.377582		
2013092119550267700	Heading	2013-09-21 19:55:02.676	R	22A7CFE3-2413-41D2-80F8-C693F17141F9		68.526077	68.711250	35.000000	-16.898674	1.144409	-44.419189	20130921195502675		
2013092119550268900	CMDevMot	2013-09-21 19:55:02.688	R	22A7CFE3-2413-41D2-80F8-C693F17141F9		0.999756	0.018291	0.012350	-0.016044	0.986587	-0.162444	-0.015155	0.162206	0.986641	0.081438	0.006900	-0.008613	0.996617	0.015359	0.162926	-0.018538	0.309289	-0.531623	-0.105587	0.015155	-0.162206	-0.986641	-0.005802	0.029454	-0.013497	-17.534618	0.132680	-44.542858	1.000000	47355.368173		
2013092119550270400	CMGyro	2013-09-21 19:55:02.704	R	22A7CFE3-2413-41D2-80F8-C693F17141F9		0.731440	-0.407506	-0.176949	47355.399434		
2013092119550271300	CMDevMotMag	2013-09-21 19:55:02.713	R	22A7CFE3-2413-41D2-80F8-C693F17141F9		-142.780014	131.221680	-240.038101	0.000000	47355.416365		
2013092119550272000	CMDevMot	2013-09-21 19:55:02.720	R	22A7CFE3-2413-41D2-80F8-C693F17141F9		0.999719	0.023530	-0.002941	-0.023679	0.983936	-0.176946	-0.001270	0.176966	0.984216	0.088835	-0.000419	-0.011850	0.995976	0.001290	0.177903	-0.023910	0.619275	-0.392494	-0.204141	0.001270	-0.176966	-0.984216	0.001111	0.023890	0.044824	-17.888220	-0.068853	-44.402176	1.000000	47355.399434		
2013092119550273600	CMGyro	2013-09-21 19:55:02.735	R	22A7CFE3-2413-41D2-80F8-C693F17141F9		0.673296	-0.208471	-0.213271	47355.430694		
2013092119550275100	CMDevMot	2013-09-21 19:55:02.751	R	22A7CFE3-2413-41D2-80F8-C693F17141F9		0.999463	0.030397	-0.012234	-0.032210	0.979964	-0.196555	0.006014	0.196843	0.980416	0.098847	-0.004585	-0.015731	0.994968	-0.006135	0.198137	-0.031008	0.561132	-0.193459	-0.240462	-0.006014	-0.196843	-0.980416	-0.031019	0.002401	0.103021	-18.548971	-0.827906	-44.122520	1.000000	47355.430694		
2013092119550275200	CMDevMotMag	2013-09-21 19:55:02.752	R	22A7CFE3-2413-41D2-80F8-C693F17141F9		-144.461761	129.210617	-237.741074	0.000000	47355.455180		
2013092119550276700	CMGyro	2013-09-21 19:55:02.766	R	22A7CFE3-2413-41D2-80F8-C693F17141F9		0.304814	-0.366038	-0.263521	47355.461954		
2013092119550278200	CMDevMot	2013-09-21 19:55:02.782	R	22A7CFE3-2413-41D2-80F8-C693F17141F9		0.999034	0.038975	-0.020285	-0.042329	0.977528	-0.206514	0.011781	0.207173	0.978233	0.104011	-0.008062	-0.020442	0.994333	-0.012042	0.208685	-0.039850	0.192650	-0.351025	-0.290712	-0.011781	-0.207173	-0.978233	0.005006	0.016057	0.060005	-19.050901	-2.224355	-43.859570	1.000000	47355.461954		
2013092119550279100	CMDevMotMag	2013-09-21 19:55:02.791	R	22A7CFE3-2413-41D2-80F8-C693F17141F9		-143.620880	129.378204	-238.233292	0.000000	47355.494003		
2013092119550279800	CMGyro	2013-09-21 19:55:02.798	R	22A7CFE3-2413-41D2-80F8-C693F17141F9		0.050687	-0.554491	-0.176087	47355.493214		
2013092119550281400	CMDevMot	2013-09-21 19:55:02.813	R	22A7CFE3-2413-41D2-80F8-C693F17141F9		0.998261	0.047009	-0.035557	-0.053399	0.976682	-0.207942	0.024953	0.209479	0.977495	0.104981	-0.015218	-0.025253	0.994037	-0.025522	0.211042	-0.048094	-0.061459	-0.539473	-0.203279	-0.024953	-0.209479	-0.977495	0.018849	-0.030786	0.070741	-19.541616	-2.641574	-43.619881	1.000000	47355.493214		
2013092119550283000	CMGyro	2013-09-21 19:55:02.829	R	22A7CFE3-2413-41D2-80F8-C693F17141F9		-0.178675	-0.484026	0.015248	47355.524474		
2013092119550283000	CMDevMotMag	2013-09-21 19:55:02.830	R	22A7CFE3-2413-41D2-80F8-C693F17141F9		-145.302628	129.043030	-237.577011	0.000000	47355.532778		
2013092119550283100	Heading	2013-09-21 19:55:02.831	R	22A7CFE3-2413-41D2-80F8-C693F17141F9		70.067574	70.252747	35.000000	-18.277702	-1.972717	-42.647263	20130921195502829		
2013092119550284500	CMDevMot	2013-09-21 19:55:02.845	R	22A7CFE3-2413-41D2-80F8-C693F17141F9		0.997419	0.050092	-0.051444	-0.059455	0.977878	-0.200550	0.040260	0.203091	0.978332	0.101500	-0.023060	-0.027547	0.994187	-0.041129	0.204514	-0.051181	-0.290820	-0.469007	-0.011944	-0.040260	-0.203091	-0.978332	-0.012169	-0.070773	0.033767	-20.243052	-2.665917	-43.297325	1.000000	47355.524474		
2013092119550286000	CMGyro	2013-09-21 19:55:02.860	R	22A7CFE3-2413-41D2-80F8-C693F17141F9		-0.176589	-0.195652	-0.014646	47355.555734		
2013092119550286900	CMDevMotMag	2013-09-21 19:55:02.868	R	22A7CFE3-2413-41D2-80F8-C693F17141F9		-147.488892	129.880966	-237.741074	0.000000	47355.571649		
2013092119550287600	CMDevMot	2013-09-21 19:55:02.876	R	22A7CFE3-2413-41D2-80F8-C693F17141F9		0.996852	0.050925	-0.060773	-0.061740	0.979458	-0.191965	0.049748	0.195113	0.979518	0.097308	-0.027784	-0.028323	0.994463	-0.050745	0.196372	-0.051946	-0.288697	-0.180661	-0.041832	-0.049748	-0.195113	-0.979518	-0.020198	-0.006639	0.035228	-20.581038	-2.500299	-43.147606	1.000000	47355.555734		
2013092119550288300	Heading	2013-09-21 19:55:02.883	R	22A7CFE3-2413-41D2-80F8-C693F17141F9		71.279167	71.464340	35.000000	-19.202660	-1.989487	-42.499573	20130921195502882		
2013092119550289200	CMGyro	2013-09-21 19:55:02.892	R	22A7CFE3-2413-41D2-80F8-C693F17141F9		-0.143235	0.033533	-0.077055	47355.586994		
2013092119550290800	CMDevMot	2013-09-21 19:55:02.908	R	22A7CFE3-2413-41D2-80F8-C693F17141F9		0.996673	0.053843	-0.061180	-0.064305	0.980732	-0.184470	0.050069	0.187790	0.980932	0.093553	-0.027958	-0.029692	0.994779	-0.050998	0.188912	-0.054846	-0.255313	0.048532	-0.104242	-0.050069	-0.187790	-0.980932	0.033773	-0.015991	0.068624	-21.000778	-2.156444	-42.963516	1.000000	47355.586994		
2013092119550290800	CMDevMotMag	2013-09-21 19:55:02.908	R	22A7CFE3-2413-41D2-80F8-C693F17141F9		-146.311676	131.054077	-236.920715	0.000000	47355.610424		
2013092119550292300	CMGyro	2013-09-21 19:55:02.923	R	22A7CFE3-2413-41D2-80F8-C693F17141F9		-0.129183	0.049730	-0.012439	47355.618254		
2013092119550293900	CMDevMot	2013-09-21 19:55:02.938	R	22A7CFE3-2413-41D2-80F8-C693F17141F9		0.996719	0.057219	-0.057246	-0.066646	0.981532	-0.179313	0.045929	0.182540	0.982125	0.090915	-0.025923	-0.031121	0.995035	-0.046731	0.183569	-0.058229	-0.241188	0.064762	-0.039631	-0.045929	-0.182540	-0.982125	0.017319	-0.071565	0.046792	-20.968302	-1.764165	-42.997261	1.000000	47355.618254		
2013092119550294600	CMDevMotMag	2013-09-21 19:55:02.946	R	22A7CFE3-2413-41D2-80F8-C693F17141F9		-146.479843	130.216141	-239.381805	0.000000	47355.649334		
2013092119550295400	CMGyro	2013-09-21 19:55:02.954	R	22A7CFE3-2413-41D2-80F8-C693F17141F9		-0.088762	-0.206482	0.094013	47355.649514		
2013092119550297000	CMDevMot	2013-09-21 19:55:02.970	R	22A7CFE3-2413-41D2-80F8-C693F17141F9		0.996726	0.053895	-0.060277	-0.063611	0.982857	-0.173051	0.049917	0.176318	0.983067	0.087753	-0.027678	-0.029515	0.995320	-0.050733	0.177245	-0.054781	-0.200732	-0.191438	0.066817	-0.049917	-0.176318	-0.983067	0.012289	-0.028683	-0.002331	-20.949898	-1.501059	-43.016224	1.000000	47355.649514		
2013092119550298600	CMDevMotMag	2013-09-21 19:55:02.986	R	22A7CFE3-2413-41D2-80F8-C693F17141F9		-146.816193	131.221680	-238.725510	0.000000	47355.688165		
2013092119550298600	CMGyro	2013-09-21 19:55:02.986	R	22A7CFE3-2413-41D2-80F8-C693F17141F9		-0.043992	-0.119357	0.049657	47355.680774		
2013092119550300200	CMDevMot	2013-09-21 19:55:03.001	R	22A7CFE3-2413-41D2-80F8-C693F17141F9		0.996449	0.054473	-0.064196	-0.064685	0.983389	-0.169593	0.053891	0.173144	0.983421	0.086081	-0.029658	-0.029927	0.995397	-0.054745	0.174021	-0.055337	-0.155824	-0.104235	0.022446	-0.053891	-0.173144	-0.983421	0.065167	-0.091169	0.052879	-21.019711	-1.367470	-42.986607	1.000000	47355.680774		
2013092119550301700	CMGyro	2013-09-21 19:55:03.017	R	22A7CFE3-2413-41D2-80F8-C693F17141F9		0.045761	-0.096304	0.237700	47355.712035		
2013092119550302500	CMDevMotMag	2013-09-21 19:55:03.025	R	22A7CFE3-2413-41D2-80F8-C693F17141F9		-146.984375	131.054077	-237.248856	0.000000	47355.727071		
2013092119550303300	CMDevMot	2013-09-21 19:55:03.032	R	22A7CFE3-2413-41D2-80F8-C693F17141F9		0.996639	0.049602	-0.065199	-0.059928	0.984064	-0.167414	0.055856	0.170759	0.983728	0.084922	-0.030399	-0.027505	0.995544	-0.056719	0.171599	-0.050362	-0.066070	-0.081182	0.210490	-0.055856	-0.170759	-0.983728	0.039773	-0.104556	0.034723	-21.195660	-1.235914	-42.904114	1.000000	47355.712035		
2013092119550304800	CMGyro	2013-09-21 19:55:03.048	R	22A7CFE3-2413-41D2-80F8-C693F17141F9		0.036605	0.004324	0.209852	47355.743295		
2013092119550306700	CMDevMotMag	2013-09-21 19:55:03.066	R	22A7CFE3-2413-41D2-80F8-C693F17141F9		-146.143494	131.221680	-238.069229	0.000000	47355.765829		
2013092119550306700	CMDevMot	2013-09-21 19:55:03.067	R	22A7CFE3-2413-41D2-80F8-C693F17141F9		0.996895	0.043303	-0.065763	-0.053774	0.984509	-0.166882	0.057518	0.169900	0.983781	0.084564	-0.030955	-0.024376	0.995639	-0.058400	0.170728	-0.043956	-0.075101	0.019490	0.182632	-0.057518	-0.169900	-0.983781	-0.017082	-0.062034	0.023317	-21.274841	-1.020406	-42.870579	1.000000	47355.743295		
2013092119550306900	Heading	2013-09-21 19:55:03.069	R	22A7CFE3-2413-41D2-80F8-C693F17141F9		69.730934	69.916107	35.000000	-21.018913	0.021561	-42.663666	20130921195503063		
2013092119550308100	CMGyro	2013-09-21 19:55:03.081	R	22A7CFE3-2413-41D2-80F8-C693F17141F9		0.026586	0.102565	0.022096	47355.774555		
2013092119550309600	CMDevMot	2013-09-21 19:55:03.095	R	22A7CFE3-2413-41D2-80F8-C693F17141F9		0.997128	0.040871	-0.063761	-0.051163	0.984252	-0.169203	0.055841	0.171980	0.983517	0.085672	-0.030032	-0.023110	0.995602	-0.056716	0.172839	-0.041501	-0.085011	0.117695	-0.005115	-0.055841	-0.171980	-0.983517	-0.042059	-0.085039	0.117702	-21.262903	-0.950515	-42.878109	1.000000	47355.774555		
2013092119550310200	CMDevMotMag	2013-09-21 19:55:03.101	R	22A7CFE3-2413-41D2-80F8-C693F17141F9		-144.461761	133.567917	-238.725510	0.000000	47355.804686		
2013092119550311100	CMGyro	2013-09-21 19:55:03.111	R	22A7CFE3-2413-41D2-80F8-C693F17141F9		-0.155159	0.182673	0.122313	47355.805815		
2013092119550311600	Heading	2013-09-21 19:55:03.116	R	22A7CFE3-2413-41D2-80F8-C693F17141F9		68.437004	68.622177	35.000000	-20.716194	0.524323	-42.729294	20130921195503114		
2013092119550312600	CMDevMot	2013-09-21 19:55:03.126	R	22A7CFE3-2413-41D2-80F8-C693F17141F9		0.997497	0.039991	-0.058321	-0.049135	0.985084	-0.164909	0.050856	0.167362	0.984583	0.083411	-0.027407	-0.022373	0.995887	-0.051607	0.168153	-0.040574	-0.266630	0.197793	0.095103	-0.050856	-0.167362	-0.984583	-0.007982	-0.093899	-0.008581	-21.088369	-0.786978	-42.967522	1.000000	47355.805815		
2013092119550314100	CMDevMotMag	2013-09-21 19:55:03.140	R	22A7CFE3-2413-41D2-80F8-C693F17141F9		-145.807144	132.897552	-237.741074	0.000000	47355.843488		
2013092119550314200	CMGyro	2013-09-21 19:55:03.141	R	22A7CFE3-2413-41D2-80F8-C693F17141F9		0.153656	0.139444	0.151704	47355.837075		
2013092119550315800	CMDevMot	2013-09-21 19:55:03.157	R	22A7CFE3-2413-41D2-80F8-C693F17141F9		0.997964	0.036283	-0.052450	-0.044368	0.985747	-0.162277	0.045815	0.164274	0.985350	0.081955	-0.024662	-0.020241	0.996125	-0.046463	0.165022	-0.036791	0.042186	0.154564	0.124494	-0.045815	-0.164274	-0.985350	-0.038764	-0.078082	-0.105989	-20.967230	-0.704540	-43.028194	1.000000	47355.837075		
2013092119550317300	CMGyro	2013-09-21 19:55:03.173	R	22A7CFE3-2413-41D2-80F8-C693F17141F9		0.446780	0.233836	0.044275	47355.868335		
2013092119550318000	CMDevMotMag	2013-09-21 19:55:03.180	R	22A7CFE3-2413-41D2-80F8-C693F17141F9		-145.302628	131.389267	-239.545883	0.000000	47355.882338		
2013092119550318800	CMDevMot	2013-09-21 19:55:03.188	R	22A7CFE3-2413-41D2-80F8-C693F17141F9		0.998320	0.033828	-0.047038	-0.041340	0.984712	-0.169214	0.040595	0.170874	0.984456	0.085370	-0.021998	-0.018869	0.995928	-0.041212	0.171717	-0.034339	0.335311	0.248956	0.017065	-0.040595	-0.170874	-0.984456	-0.065759	-0.059716	-0.081233	-20.720881	-0.496788	-43.150261	1.000000	47355.868335		
2013092119550320400	CMGyro	2013-09-21 19:55:03.204	R	22A7CFE3-2413-41D2-80F8-C693F17141F9		0.055229	0.286088	0.038053	47355.899595		
2013092119550321900	CMDevMotMag	2013-09-21 19:55:03.218	R	22A7CFE3-2413-41D2-80F8-C693F17141F9		-145.638977	131.389267	-240.530319	0.000000	47355.921367		
2013092119550322000	CMDevMot	2013-09-21 19:55:03.220	R	22A7CFE3-2413-41D2-80F8-C693F17141F9		0.998604	0.033921	-0.040503	-0.040612	0.983214	-0.177878	0.033789	0.179275	0.983219	0.089681	-0.018655	-0.018715	0.995620	-0.034352	0.180249	-0.034486	-0.056088	0.301131	0.010859	-0.033789	-0.179275	-0.983219	-0.035318	-0.132737	0.028873	-20.301771	-0.952742	-43.341400	1.000000	47355.899595		
2013092119550322100	Heading	2013-09-21 19:55:03.221	R	22A7CFE3-2413-41D2-80F8-C693F17141F9		66.784653	66.969826	35.000000	-19.976219	1.027084	-43.287155	20130921195503219		
2013092119550323600	CMGyro	2013-09-21 19:55:03.235	R	22A7CFE3-2413-41D2-80F8-C693F17141F9		-0.197729	0.349084	0.313807	47355.930855		
2013092119550325200	CMDevMot	2013-09-21 19:55:03.251	R	22A7CFE3-2413-41D2-80F8-C693F17141F9		0.999154	0.028667	-0.029477	-0.033341	0.984396	-0.172777	0.024064	0.173614	0.984520	0.086946	-0.013439	-0.015564	0.996001	-0.024437	0.174498	-0.029114	-0.308955	0.364117	0.286614	-0.024064	-0.173614	-0.984520	-0.015319	-0.116913	-0.067635	-19.951984	-0.963659	-43.503292	1.000000	47355.930855		
2013092119550325700	CMDevMotMag	2013-09-21 19:55:03.257	R	22A7CFE3-2413-41D2-80F8-C693F17141F9		-144.293579	133.065140	-238.889587	0.000000	47355.960298		
2013092119550326700	CMGyro	2013-09-21 19:55:03.267	R	22A7CFE3-2413-41D2-80F8-C693F17141F9		0.020929	0.253517	0.403815	47355.962116		
2013092119550328300	CMDevMot	2013-09-21 19:55:03.283	R	22A7CFE3-2413-41D2-80F8-C693F17141F9		0.999649	0.017408	-0.019994	-0.020497	0.985835	-0.166463	0.016813	0.166814	0.985845	0.083620	-0.009235	-0.009510	0.996410	-0.017052	0.167598	-0.017656	-0.090297	0.268550	0.376622	-0.016813	-0.166814	-0.985845	-0.058627	-0.043543	-0.209818	-19.498871	-0.476147	-43.716290	1.000000	47355.962116		
2013092119550329700	CMDevMotMag	2013-09-21 19:55:03.297	R	22A7CFE3-2413-41D2-80F8-C693F17141F9		-144.461761	131.221680	-240.366241	0.000000	47355.999294		
2013092119550329700	CMGyro	2013-09-21 19:55:03.297	R	22A7CFE3-2413-41D2-80F8-C693F17141F9		0.250701	0.168077	0.190414	47355.993375		
2013092119550331400	CMDevMot	2013-09-21 19:55:03.314	R	22A7CFE3-2413-41D2-80F8-C693F17141F9		0.999863	0.009159	-0.013803	-0.011359	0.985576	-0.168853	0.012057	0.168986	0.985545	0.084768	-0.006489	-0.005148	0.996366	-0.012234	0.169801	-0.009293	0.139476	0.183111	0.163221	-0.012057	-0.168986	-0.985545	-0.092938	-0.008183	-0.144781	-19.311504	-0.258850	-43.801201	1.000000	47355.993375		
2013092119550333100	CMGyro	2013-09-21 19:55:03.330	R	22A7CFE3-2413-41D2-80F8-C693F17141F9		0.330410	0.489099	-0.076346	47356.024636		
2013092119550333500	CMDevMotMag	2013-09-21 19:55:03.335	R	22A7CFE3-2413-41D2-80F8-C693F17141F9		-142.107315	133.903091	-239.709946	0.000000	47356.038101		
2013092119550334600	CMDevMot	2013-09-21 19:55:03.345	R	22A7CFE3-2413-41D2-80F8-C693F17141F9		0.999956	0.008889	-0.002884	-0.009256	0.984560	-0.174803	0.001285	0.174822	0.984599	0.087745	-0.001046	-0.004554	0.996132	-0.001305	0.175725	-0.009028	0.218474	0.504217	-0.103549	-0.001285	-0.174822	-0.984599	-0.089779	0.011720	-0.088109	-19.040447	-0.203307	-43.920006	1.000000	47356.024636		
2013092119550334900	Heading	2013-09-21 19:55:03.349	R	22A7CFE3-2413-41D2-80F8-C693F17141F9		65.382111	65.567284	35.000000	-18.227196	1.328751	-43.615295	20130921195503348		
2013092119550336100	CMGyro	2013-09-21 19:55:03.361	R	22A7CFE3-2413-41D2-80F8-C693F17141F9		0.375916	0.634223	-0.324013	47356.055896		
2013092119550337400	CMDevMotMag	2013-09-21 19:55:03.374	R	22A7CFE3-2413-41D2-80F8-C693F17141F9		-141.098267	131.892029	-239.381805	0.000000	47356.076938		
2013092119550337700	CMDevMot	2013-09-21 19:55:03.376	R	22A7CFE3-2413-41D2-80F8-C693F17141F9		0.999729	0.017196	0.015701	-0.014046	0.983127	-0.182382	-0.018573	0.182112	0.983102	0.091514	0.008605	-0.007844	0.995736	0.018890	0.183134	-0.017489	0.263973	0.649328	-0.351213	0.018573	-0.182112	-0.983102	-0.048037	-0.001680	-0.096121	-18.173548	-0.669974	-44.281147	1.000000	47356.055896		
2013092119550339200	CMGyro	2013-09-21 19:55:03.392	R	22A7CFE3-2413-41D2-80F8-C693F17141F9		0.439401	0.429614	-0.361590	47356.087156		
2013092119550340800	CMDevMot	2013-09-21 19:55:03.407	R	22A7CFE3-2413-41D2-80F8-C693F17141F9		0.999023	0.029463	0.032937	-0.022596	0.981085	-0.192252	-0.037978	0.191320	0.980793	0.096365	0.017816	-0.013079	0.995101	0.038703	0.192507	-0.030022	0.327459	0.444718	-0.388790	0.037978	-0.191320	-0.980793	0.003999	0.006475	-0.098278	-17.284271	-1.253255	-44.623199	1.000000	47356.087156		
2013092119550341300	CMDevMotMag	2013-09-21 19:55:03.413	R	22A7CFE3-2413-41D2-80F8-C693F17141F9		-140.761917	129.545792	-240.366241	0.000000	47356.115794		
2013092119550342300	CMGyro	2013-09-21 19:55:03.423	R	22A7CFE3-2413-41D2-80F8-C693F17141F9		0.356312	-0.015940	-0.535977	47356.118416		
2013092119550344000	CMDevMot	2013-09-21 19:55:03.439	R	22A7CFE3-2413-41D2-80F8-C693F17141F9		0.998254	0.044399	0.038953	-0.035684	0.978888	-0.201256	-0.047066	0.199515	0.978764	0.100750	0.021624	-0.020132	0.994473	0.048050	0.200863	-0.045325	0.244371	-0.000836	-0.563177	0.047066	-0.199515	-0.978764	0.044594	0.092566	-0.056362	-16.693270	-1.907017	-44.824600	1.000000	47356.118416		
2013092119550345200	CMDevMotMag	2013-09-21 19:55:03.452	R	22A7CFE3-2413-41D2-80F8-C693F17141F9		-141.434616	130.216141	-241.022537	0.000000	47356.154545		
