2013092119581394200	Event	Test Begin	Default Test	2013-09-21 19:58:13.929	R	22A7CFE3-2413-41D2-80F8-C693F17141F9	ApioTest version 1.07		
2013092119581394200	Config	Local Default		DevMotRate	32.0	MagnetometerRate	32.0	LocDistanceFilter	20	AccelerometerRate	32.0	GyroRate	32.0		
2013092119581394200	Customer	22A7CFE3-2413-41D2-80F8-C693F17141F9	Kayla	Washenberger	6517697331			
2013092119581394200	Vehicle	Chevy	Silverado	1999	Navy			
2013092119581394200	Event	Text	Default Test	2013-09-21 19:58:13.928	R	22A7CFE3-2413-41D2-80F8-C693F17141F9	Driver		
2013092119581396400	CMGyro	2013-09-21 19:58:13.964	R	22A7CFE3-2413-41D2-80F8-C693F17141F9		0.119796	0.104845	-0.035210	47546.659329		
2013092119581398200	CMDevMot	2013-09-21 19:58:13.981	R	22A7CFE3-2413-41D2-80F8-C693F17141F9		1.000000	0.000312	0.000649	-0.000312	1.000000	-0.000044	-0.000649	0.000043	1.000000	0.000022	0.000325	-0.000156	1.000000	0.000649	0.000043	-0.000312	0.008358	0.124656	-0.059877	0.000649	-0.000043	-1.000000	0.000000	0.000000	0.000000	0.000000	0.000000	0.000000	-1.000000	47546.659329		
2013092119581399100	Event	Bluetooth	Default Test	2013-09-21 19:58:13.991	R	22A7CFE3-2413-41D2-80F8-C693F17141F9	Bluetooth is currently powered on and available to use.		
2013092119581399900	CMGyro	2013-09-21 19:58:13.999	R	22A7CFE3-2413-41D2-80F8-C693F17141F9		0.022984	-0.069519	0.009871	47546.690587		
2013092119581401100	CMDevMotMag	2013-09-21 19:58:14.008	R	22A7CFE3-2413-41D2-80F8-C693F17141F9		-143.116364	134.573441	-242.006958	0.000000	47546.710469		
2013092119581401200	CMDevMot	2013-09-21 19:58:14.011	R	22A7CFE3-2413-41D2-80F8-C693F17141F9		0.999951	0.001191	0.009871	-0.000239	0.995386	-0.095951	-0.009940	0.095944	0.995337	0.048030	0.004959	-0.000358	0.998834	0.009986	0.096092	-0.001197	-0.088453	-0.049709	-0.014796	0.009940	-0.095944	-0.995337	0.002008	-0.018069	-0.018640	0.000000	0.000000	0.000000	-1.000000	47546.690587		
2013092119581402900	CMGyro	2013-09-21 19:58:14.028	R	22A7CFE3-2413-41D2-80F8-C693F17141F9		0.169841	-0.008919	0.021775	47546.721846		
2013092119581404000	Location	2013-09-21 19:58:14.040	R	22A7CFE3-2413-41D2-80F8-C693F17141F9		44.834112	-92.934589	277.608070	5.000000	3.000000	0.000000	198.281250	20130921195756053		
2013092119581404300	CMDevMot	2013-09-21 19:58:14.041	R	22A7CFE3-2413-41D2-80F8-C693F17141F9		0.999960	0.001279	0.008895	-0.000417	0.995356	-0.096261	-0.008977	0.096253	0.995316	0.048185	0.004473	-0.000425	0.998828	0.009019	0.096402	-0.001285	0.058404	0.010892	-0.002893	0.008977	-0.096253	-0.995316	-0.029989	-0.020385	-0.010055	0.000000	0.000000	0.000000	-1.000000	47546.721846		
2013092119581404700	CMDevMotMag	2013-09-21 19:58:14.047	R	22A7CFE3-2413-41D2-80F8-C693F17141F9		-144.125412	132.897552	-240.366241	0.000000	47546.749337		
2013092119581405700	CMGyro	2013-09-21 19:58:14.057	R	22A7CFE3-2413-41D2-80F8-C693F17141F9		0.149273	0.089972	-0.027398	47546.753105		
2013092119581407300	CMDevMot	2013-09-21 19:58:14.073	R	22A7CFE3-2413-41D2-80F8-C693F17141F9		0.999932	0.002360	0.011461	-0.001225	0.995184	-0.098018	-0.011637	0.097997	0.995119	0.049064	0.005781	-0.000897	0.998779	0.011693	0.098155	-0.002371	0.037837	0.109782	-0.052065	0.011637	-0.097997	-0.995119	-0.007822	-0.021021	0.026506	0.000000	0.000000	0.000000	-1.000000	47546.753105		
2013092119581408400	CMDevMotMag	2013-09-21 19:58:14.084	R	22A7CFE3-2413-41D2-80F8-C693F17141F9		-143.116364	134.908615	-240.038101	0.000000	47546.787986		
2013092119581408900	CMGyro	2013-09-21 19:58:14.088	R	22A7CFE3-2413-41D2-80F8-C693F17141F9		0.079360	0.090293	0.004372	47546.784364		
2013092119581410400	CMDevMot	2013-09-21 19:58:14.104	R	22A7CFE3-2413-41D2-80F8-C693F17141F9		0.999881	0.003080	0.015146	-0.001583	0.995198	-0.097870	-0.015375	0.097835	0.995084	0.048987	0.007640	-0.001167	0.998770	0.015450	0.097992	-0.003095	-0.032075	0.110104	-0.020295	0.015375	-0.097835	-0.995084	0.012091	-0.021565	0.004468	0.000000	0.000000	0.000000	-1.000000	47546.784364		
2013092119581411600	Location	2013-09-21 19:58:14.116	R	22A7CFE3-2413-41D2-80F8-C693F17141F9		44.834088	-92.934449	277.608063	561.211712	10.000000	-1.000000	-1.000000	20130921195814100		
2013092119581412000	CMGyro	2013-09-21 19:58:14.120	R	22A7CFE3-2413-41D2-80F8-C693F17141F9		0.062835	0.037708	0.027398	47546.815623		
2013092119581412300	CMDevMotMag	2013-09-21 19:58:14.123	R	22A7CFE3-2413-41D2-80F8-C693F17141F9		-142.948181	133.065140	-241.842896	0.000000	47546.826910		
2013092119581413600	CMDevMot	2013-09-21 19:58:14.136	R	22A7CFE3-2413-41D2-80F8-C693F17141F9		0.999817	0.003429	0.018817	-0.001549	0.995080	-0.099065	-0.019065	0.099018	0.994903	0.049584	0.009483	-0.001246	0.998724	0.019160	0.099180	-0.003446	-0.048565	0.057531	0.002730	0.019065	-0.099018	-0.994903	0.000604	-0.020810	-0.013459	0.000000	0.000000	0.000000	-1.000000	47546.815623		
2013092119581415100	CMGyro	2013-09-21 19:58:14.151	R	22A7CFE3-2413-41D2-80F8-C693F17141F9		0.117699	-0.063217	0.038365	47546.846882		
2013092119581416300	CMDevMotMag	2013-09-21 19:58:14.163	R	22A7CFE3-2413-41D2-80F8-C693F17141F9		-143.620880	133.735504	-241.186600	0.000000	47546.865495		
2013092119581416900	CMDevMot	2013-09-21 19:58:14.169	R	22A7CFE3-2413-41D2-80F8-C693F17141F9		0.999809	0.003357	0.019234	-0.001413	0.994968	-0.100184	-0.019474	0.100138	0.994783	0.050146	0.009690	-0.001194	0.998694	0.019573	0.100306	-0.003374	0.006330	-0.043388	0.013698	0.019474	-0.100138	-0.994783	0.007321	-0.020697	-0.030821	0.000000	0.000000	0.000000	-1.000000	47546.846882		
2013092119581418700	CMGyro	2013-09-21 19:58:14.186	R	22A7CFE3-2413-41D2-80F8-C693F17141F9		0.163448	-0.129310	0.093238	47546.878141		
2013092119581419900	CMDevMot	2013-09-21 19:58:14.199	R	22A7CFE3-2413-41D2-80F8-C693F17141F9		0.999856	0.001807	0.016861	-0.000045	0.994588	-0.103901	-0.016957	0.103885	0.994445	0.052019	0.008466	-0.000464	0.998610	0.017050	0.104073	-0.001817	0.052131	-0.109472	0.068570	0.016957	-0.103885	-0.994445	0.003886	-0.029065	-0.011964	0.000000	0.000000	0.000000	-1.000000	47546.878141		
2013092119581420100	CMDevMotMag	2013-09-21 19:58:14.201	R	22A7CFE3-2413-41D2-80F8-C693F17141F9		-143.620880	134.741028	-239.545883	0.000000	47546.904096		
2013092119581421500	CMGyro	2013-09-21 19:58:14.214	R	22A7CFE3-2413-41D2-80F8-C693F17141F9		0.165350	-0.074440	0.084041	47546.909400		
2013092119581423000	CMDevMot	2013-09-21 19:58:14.229	R	22A7CFE3-2413-41D2-80F8-C693F17141F9		0.999910	-0.000138	0.013446	0.001592	0.994130	-0.108176	-0.013352	0.108188	0.994041	0.054172	0.006710	0.000433	0.998509	0.013431	0.108400	0.000139	0.054102	-0.054616	0.059376	0.013352	-0.108188	-0.994041	-0.005082	-0.025983	0.001273	0.000000	0.000000	0.000000	-1.000000	47546.909400		
2013092119581424000	CMDevMotMag	2013-09-21 19:58:14.239	R	22A7CFE3-2413-41D2-80F8-C693F17141F9		-144.966278	131.724442	-241.186600	0.000000	47546.942995		
2013092119581424600	CMGyro	2013-09-21 19:58:14.246	R	22A7CFE3-2413-41D2-80F8-C693F17141F9		0.183671	-0.061223	0.119383	47546.940659		
2013092119581426100	CMDevMot	2013-09-21 19:58:14.261	R	22A7CFE3-2413-41D2-80F8-C693F17141F9		0.999915	-0.002535	0.012786	0.004007	0.993180	-0.116521	-0.012403	0.116563	0.993106	0.058372	0.006308	0.001638	0.998274	0.012489	0.116828	0.002552	0.072617	-0.041384	0.094720	0.012403	-0.116563	-0.993106	0.001986	-0.030273	-0.015424	0.000000	0.000000	0.000000	-1.000000	47546.940659		
2013092119581427400	Location	2013-09-21 19:58:14.274	R	22A7CFE3-2413-41D2-80F8-C693F17141F9		44.833785	-92.934756	280.065704	65.000000	10.000000	-1.000000	-1.000000	20130921195814272		
2013092119581427900	CMGyro	2013-09-21 19:58:14.278	R	22A7CFE3-2413-41D2-80F8-C693F17141F9		0.280308	0.043501	0.104962	47546.971917		
2013092119581427900	CMDevMotMag	2013-09-21 19:58:14.279	R	22A7CFE3-2413-41D2-80F8-C693F17141F9		-144.293579	132.394791	-238.561447	0.000000	47546.981956		
2013092119581429300	CMDevMot	2013-09-21 19:58:14.293	R	22A7CFE3-2413-41D2-80F8-C693F17141F9		0.999919	-0.005780	0.011363	0.007195	0.991662	-0.128665	-0.010525	0.128737	0.991623	0.064486	0.005484	0.003251	0.997898	0.010613	0.129095	0.005829	0.169512	0.063302	0.080308	0.010525	-0.128737	-0.991623	-0.015423	-0.027117	0.034470	0.000000	0.000000	0.000000	-1.000000	47546.971917		
2013092119581430800	CMGyro	2013-09-21 19:58:14.308	R	22A7CFE3-2413-41D2-80F8-C693F17141F9		0.187150	-0.102647	0.108432	47547.003177		
2013092119581431800	CMDevMotMag	2013-09-21 19:58:14.318	R	22A7CFE3-2413-41D2-80F8-C693F17141F9		-144.629929	134.070679	-238.561447	0.000000	47547.020956		
2013092119581432400	CMDevMot	2013-09-21 19:58:14.323	R	22A7CFE3-2413-41D2-80F8-C693F17141F9		0.999906	-0.008136	0.011036	0.009528	0.991122	-0.132612	-0.009860	0.132705	0.991107	0.066478	0.005236	0.004426	0.997764	0.009948	0.133098	0.008208	0.076355	-0.082846	0.083778	0.009860	-0.132705	-0.991107	-0.028002	-0.052674	0.058596	0.000000	0.000000	0.000000	-1.000000	47547.003177		
2013092119581433900	CMGyro	2013-09-21 19:58:14.339	R	22A7CFE3-2413-41D2-80F8-C693F17141F9		0.149521	-0.086641	-0.052413	47547.034436		
2013092119581435500	CMDevMot	2013-09-21 19:58:14.354	R	22A7CFE3-2413-41D2-80F8-C693F17141F9		0.999948	-0.007826	0.006561	0.008650	0.990571	-0.136727	-0.005429	0.136777	0.990587	0.068538	0.003005	0.004129	0.997635	0.005481	0.137207	0.007901	0.038855	-0.066931	-0.077054	0.005429	-0.136777	-0.990587	-0.025861	-0.044330	0.014589	0.000000	0.000000	0.000000	-1.000000	47547.034436		
2013092119581435700	CMDevMotMag	2013-09-21 19:58:14.357	R	22A7CFE3-2413-41D2-80F8-C693F17141F9		-143.620880	132.729965	-238.561447	0.000000	47547.059908		
2013092119581437000	CMGyro	2013-09-21 19:58:14.370	R	22A7CFE3-2413-41D2-80F8-C693F17141F9		0.031292	0.031551	-0.049449	47547.065694		
2013092119581438700	CMDevMot	2013-09-21 19:58:14.386	R	22A7CFE3-2413-41D2-80F8-C693F17141F9		0.999965	-0.005448	0.006367	0.006277	0.990342	-0.138507	-0.005551	0.138542	0.990341	0.069431	0.002987	0.002938	0.997578	0.005605	0.138989	0.005501	-0.079237	0.051239	-0.074086	0.005551	-0.138542	-0.990341	-0.005139	-0.041099	0.009414	0.000000	0.000000	0.000000	-1.000000	47547.065694		
2013092119581439600	CMDevMotMag	2013-09-21 19:58:14.396	R	22A7CFE3-2413-41D2-80F8-C693F17141F9		-145.134445	131.892029	-239.381805	0.000000	47547.098715		
2013092119581441800	CMGyro	2013-09-21 19:58:14.418	R	22A7CFE3-2413-41D2-80F8-C693F17141F9		0.052154	-0.003493	-0.037886	47547.117793		
2013092119581443300	CMDevMot	2013-09-21 19:58:14.433	R	22A7CFE3-2413-41D2-80F8-C693F17141F9		0.999966	-0.002936	0.007754	0.003981	0.990361	-0.138453	-0.007273	0.138479	0.990339	0.069401	0.003766	0.001733	0.997580	0.007343	0.138926	0.002964	-0.058241	0.016170	-0.062518	0.007273	-0.138479	-0.990339	0.000876	-0.043314	-0.012011	0.000000	0.000000	0.000000	-1.000000	47547.117793		
2013092119581443400	CMDevMotMag	2013-09-21 19:58:14.434	R	22A7CFE3-2413-41D2-80F8-C693F17141F9		-145.807144	133.232727	-238.397369	0.000000	47547.137587		
2013092119581444900	CMGyro	2013-09-21 19:58:14.448	R	22A7CFE3-2413-41D2-80F8-C693F17141F9		0.069208	-0.006953	-0.054006	47547.149052		
2013092119581446400	CMDevMot	2013-09-21 19:58:14.464	R	22A7CFE3-2413-41D2-80F8-C693F17141F9		0.999969	-0.000730	0.007890	0.001823	0.990236	-0.139388	-0.007711	0.139398	0.990206	0.069868	0.003910	0.000640	0.997548	0.007788	0.139853	0.000737	-0.041032	0.012706	-0.078636	0.007711	-0.139398	-0.990206	-0.001120	-0.045203	-0.003400	-16.757980	-1.102460	-38.472977	1.000000	47547.149052		
2013092119581447300	CMDevMotMag	2013-09-21 19:58:14.473	R	22A7CFE3-2413-41D2-80F8-C693F17141F9		-142.948181	133.735504	-239.217728	0.000000	47547.176601		
2013092119581448000	CMGyro	2013-09-21 19:58:14.480	R	22A7CFE3-2413-41D2-80F8-C693F17141F9		0.039584	0.006724	-0.007702	47547.180311		
2013092119581449600	CMDevMot	2013-09-21 19:58:14.496	R	22A7CFE3-2413-41D2-80F8-C693F17141F9		0.999959	0.000946	0.009055	0.000376	0.989437	-0.144965	-0.009096	0.144962	0.989395	0.072675	0.004550	-0.000143	0.997345	0.009193	0.145475	-0.000956	-0.070107	0.026396	-0.032331	0.009096	-0.144962	-0.989395	0.000441	-0.040814	-0.016891	-16.750290	-1.175622	-38.474159	1.000000	47547.180311		
2013092119581451200	CMGyro	2013-09-21 19:58:14.512	R	22A7CFE3-2413-41D2-80F8-C693F17141F9		0.150473	0.036990	0.001807	47547.211570		
2013092119581451200	CMDevMotMag	2013-09-21 19:58:14.512	R	22A7CFE3-2413-41D2-80F8-C693F17141F9		-143.957230	132.729965	-239.874023	0.000000	47547.215552		
2013092119581452600	CMDevMot	2013-09-21 19:58:14.526	R	22A7CFE3-2413-41D2-80F8-C693F17141F9		0.999955	0.001537	0.009338	-0.000124	0.988763	-0.149493	-0.009463	0.149485	0.988719	0.074956	0.004713	-0.000416	0.997176	0.009570	0.150047	-0.001554	0.041155	0.056592	-0.022807	0.009463	-0.149485	-0.988719	-0.010592	-0.039037	0.008799	-16.689835	-1.464694	-38.490513	1.000000	47547.211570		
2013092119581452700	Heading	2013-09-21 19:58:14.526	R	22A7CFE3-2413-41D2-80F8-C693F17141F9		75.900665	76.085838	35.000000	-15.780365	-0.709625	-37.945572	20130921195814525		
2013092119581454300	CMGyro	2013-09-21 19:58:14.542	R	22A7CFE3-2413-41D2-80F8-C693F17141F9		0.101193	0.091493	-0.010578	47547.242829		
2013092119581455200	CMDevMotMag	2013-09-21 19:58:14.552	R	22A7CFE3-2413-41D2-80F8-C693F17141F9		-145.470795	133.232727	-239.381805	0.000000	47547.254355		
2013092119581455800	CMDevMot	2013-09-21 19:58:14.558	R	22A7CFE3-2413-41D2-80F8-C693F17141F9		0.999938	0.002022	0.010943	-0.000298	0.987875	-0.155251	-0.011124	0.155238	0.987814	0.077860	0.005534	-0.000582	0.996949	0.011261	0.155868	-0.002047	-0.007648	0.110984	-0.035170	0.011124	-0.155238	-0.987814	-0.013016	-0.040990	0.049689	-16.675592	-1.760073	-38.484314	1.000000	47547.242829		
2013092119581457400	CMGyro	2013-09-21 19:58:14.574	R	22A7CFE3-2413-41D2-80F8-C693F17141F9		0.067280	-0.049938	0.009070	47547.274088		
2013092119581459100	CMDevMot	2013-09-21 19:58:14.590	R	22A7CFE3-2413-41D2-80F8-C693F17141F9		0.999928	0.002578	0.011676	-0.000723	0.987728	-0.156185	-0.011936	0.156165	0.987659	0.078330	0.005921	-0.000828	0.996910	0.012084	0.156807	-0.002610	-0.041380	-0.030475	-0.015517	0.011936	-0.156165	-0.987659	-0.004627	-0.058190	0.041416	-16.595850	-1.899936	-38.512119	1.000000	47547.274088		
2013092119581459100	CMDevMotMag	2013-09-21 19:58:14.591	R	22A7CFE3-2413-41D2-80F8-C693F17141F9		-143.284531	133.400314	-238.889587	0.000000	47547.292885		
2013092119581460500	CMGyro	2013-09-21 19:58:14.605	R	22A7CFE3-2413-41D2-80F8-C693F17141F9		0.095058	-0.059454	-0.009116	47547.305347		
2013092119581462000	CMDevMot	2013-09-21 19:58:14.620	R	22A7CFE3-2413-41D2-80F8-C693F17141F9		0.999948	0.003361	0.009612	-0.001802	0.987466	-0.157824	-0.010022	0.157799	0.987420	0.079155	0.004924	-0.001295	0.996849	0.010149	0.158461	-0.003404	-0.013386	-0.040010	-0.033698	0.010022	-0.157799	-0.987420	-0.003613	-0.053551	0.047204	-16.599134	-1.881864	-38.511597	1.000000	47547.305347		
2013092119581462900	CMDevMotMag	2013-09-21 19:58:14.629	R	22A7CFE3-2413-41D2-80F8-C693F17141F9		-143.789062	132.227203	-240.366241	0.000000	47547.331687		
2013092119581463700	CMGyro	2013-09-21 19:58:14.637	R	22A7CFE3-2413-41D2-80F8-C693F17141F9		0.018566	0.033486	0.032626	47547.336606		
2013092119581465200	CMDevMot	2013-09-21 19:58:14.652	R	22A7CFE3-2413-41D2-80F8-C693F17141F9		0.999939	0.003604	0.010435	-0.001912	0.987456	-0.157883	-0.010874	0.157854	0.987403	0.079184	0.005344	-0.001383	0.996845	0.011012	0.158517	-0.003650	-0.089615	0.052936	0.008044	0.010874	-0.157854	-0.987403	0.006903	-0.067610	0.025031	-16.676960	-1.958595	-38.474129	1.000000	47547.336606		
2013092119581466700	CMGyro	2013-09-21 19:58:14.667	R	22A7CFE3-2413-41D2-80F8-C693F17141F9		0.038584	0.014101	0.035659	47547.367865		
2013092119581466700	CMDevMotMag	2013-09-21 19:58:14.667	R	22A7CFE3-2413-41D2-80F8-C693F17141F9		-143.789062	134.238266	-239.053665	0.000000	47547.370523		
2013092119581468400	CMDevMot	2013-09-21 19:58:14.683	R	22A7CFE3-2413-41D2-80F8-C693F17141F9		0.999919	0.003246	0.012315	-0.001255	0.987371	-0.158419	-0.012673	0.158390	0.987295	0.079455	0.006267	-0.001129	0.996818	0.012836	0.159060	-0.003288	-0.069265	0.033570	0.011075	0.012673	-0.158390	-0.987295	0.008689	-0.075786	0.022787	-16.607048	-1.918921	-38.506355	1.000000	47547.367865		
2013092119581469900	CMGyro	2013-09-21 19:58:14.699	R	22A7CFE3-2413-41D2-80F8-C693F17141F9		0.038312	-0.065174	0.018277	47547.399124		
2013092119581470600	CMDevMotMag	2013-09-21 19:58:14.706	R	22A7CFE3-2413-41D2-80F8-C693F17141F9		-143.789062	132.897552	-240.366241	0.000000	47547.409357		
2013092119581471500	CMDevMot	2013-09-21 19:58:14.714	R	22A7CFE3-2413-41D2-80F8-C693F17141F9		0.999922	0.003212	0.012091	-0.001254	0.987345	-0.158585	-0.012448	0.158557	0.987271	0.079539	0.006154	-0.001120	0.996812	0.012607	0.159229	-0.003253	-0.069182	-0.045661	-0.006312	0.012448	-0.158557	-0.987271	0.009113	-0.078030	-0.005740	-16.573839	-1.926799	-38.520267	1.000000	47547.399124		
2013092119581473000	CMGyro	2013-09-21 19:58:14.730	R	22A7CFE3-2413-41D2-80F8-C693F17141F9		0.055118	-0.020487	0.029503	47547.430383		
2013092119581474600	CMDevMotMag	2013-09-21 19:58:14.745	R	22A7CFE3-2413-41D2-80F8-C693F17141F9		-143.789062	133.232727	-240.038101	0.000000	47547.448203		
2013092119581474700	CMDevMot	2013-09-21 19:58:14.746	R	22A7CFE3-2413-41D2-80F8-C693F17141F9		0.999925	0.003228	0.011781	-0.001310	0.987226	-0.159320	-0.012144	0.159293	0.987157	0.079910	0.006001	-0.001138	0.996783	0.012302	0.159974	-0.003270	-0.052007	-0.000924	0.004907	0.012144	-0.159293	-0.987157	0.010759	-0.077813	-0.001888	-16.602081	-1.946199	-38.507126	1.000000	47547.430383		
2013092119581476100	CMGyro	2013-09-21 19:58:14.761	R	22A7CFE3-2413-41D2-80F8-C693F17141F9		0.074040	0.010954	0.046884	47547.461642		
2013092119581477700	CMDevMot	2013-09-21 19:58:14.777	R	22A7CFE3-2413-41D2-80F8-C693F17141F9		0.999915	0.002953	0.012713	-0.000869	0.986964	-0.160936	-0.013023	0.160911	0.986883	0.080727	0.006455	-0.000959	0.996715	0.013195	0.161614	-0.002992	-0.032685	0.030578	0.022280	0.013023	-0.160911	-0.986883	0.011956	-0.075402	0.012472	-16.593576	-2.014304	-38.507286	1.000000	47547.461642		
2013092119581478400	CMDevMotMag	2013-09-21 19:58:14.784	R	22A7CFE3-2413-41D2-80F8-C693F17141F9		-143.957230	133.735504	-238.561447	0.000000	47547.487011		
2013092119581479300	CMGyro	2013-09-21 19:58:14.793	R	22A7CFE3-2413-41D2-80F8-C693F17141F9		0.095159	-0.012068	0.052353	47547.492901		
2013092119581480800	CMDevMot	2013-09-21 19:58:14.808	R	22A7CFE3-2413-41D2-80F8-C693F17141F9		0.999900	0.002096	0.013984	0.000273	0.985908	-0.167287	-0.014138	0.167274	0.985809	0.083939	0.007056	-0.000458	0.996446	0.014341	0.168064	-0.002126	-0.010443	0.007631	0.027746	0.014138	-0.167274	-0.985809	0.000098	-0.075859	-0.021302	-16.558050	-2.072424	-38.519493	1.000000	47547.492901		
2013092119581482400	CMDevMotMag	2013-09-21 19:58:14.823	R	22A7CFE3-2413-41D2-80F8-C693F17141F9		-143.957230	132.729965	-237.905151	0.000000	47547.525823		
2013092119581482400	CMGyro	2013-09-21 19:58:14.824	R	22A7CFE3-2413-41D2-80F8-C693F17141F9		0.161593	-0.031014	0.058496	47547.524160		
2013092119581484000	CMDevMot	2013-09-21 19:58:14.839	R	22A7CFE3-2413-41D2-80F8-C693F17141F9		0.999894	0.001471	0.014458	0.001062	0.984807	-0.173647	-0.014494	0.173644	0.984702	0.087157	0.007266	-0.000103	0.996168	0.014718	0.174529	-0.001494	0.056809	-0.011234	0.033880	0.014494	-0.173644	-0.984702	0.008989	-0.051819	0.004599	-16.507317	-2.391424	-38.522789	1.000000	47547.524160		
2013092119581485500	CMGyro	2013-09-21 19:58:14.855	R	22A7CFE3-2413-41D2-80F8-C693F17141F9		0.135018	-0.192438	0.063339	47547.555419		
2013092119581486200	CMDevMotMag	2013-09-21 19:58:14.862	R	22A7CFE3-2413-41D2-80F8-C693F17141F9		-145.975327	133.065140	-240.202164	0.000000	47547.564861		
2013092119581487100	CMDevMot	2013-09-21 19:58:14.871	R	22A7CFE3-2413-41D2-80F8-C693F17141F9		0.999923	0.000139	0.012438	0.002098	0.983727	-0.179660	-0.012260	0.179672	0.983650	0.090203	0.006200	0.000492	0.995904	0.012463	0.180653	-0.000141	0.030947	-0.172523	0.038703	0.012260	-0.179672	-0.983650	0.004067	-0.044067	0.008995	-16.494492	-2.686876	-38.508801	1.000000	47547.555419		
2013092119581488600	CMGyro	2013-09-21 19:58:14.886	R	22A7CFE3-2413-41D2-80F8-C693F17141F9		-0.067176	-0.289478	-0.038189	47547.586678		
2013092119581488900	Heading	2013-09-21 19:58:14.889	R	22A7CFE3-2413-41D2-80F8-C693F17141F9		72.918404	73.103577	35.000000	-16.441849	-0.754349	-37.573669	20130921195814888		
2013092119581490100	CMDevMotMag	2013-09-21 19:58:14.901	R	22A7CFE3-2413-41D2-80F8-C693F17141F9		-144.293579	133.400314	-238.233292	0.000000	47547.603672		
2013092119581490200	CMDevMot	2013-09-21 19:58:14.902	R	22A7CFE3-2413-41D2-80F8-C693F17141F9		0.999998	-0.000091	0.001891	0.000427	0.983894	-0.178750	-0.001844	0.178751	0.983893	0.089737	0.000937	0.000130	0.995965	0.001874	0.179717	0.000092	-0.170976	-0.270016	-0.062718	0.001844	-0.178751	-0.983893	-0.061826	-0.006338	-0.044962	-16.772547	-2.778531	-38.381985	1.000000	47547.586678		
2013092119581491800	CMGyro	2013-09-21 19:58:14.917	R	22A7CFE3-2413-41D2-80F8-C693F17141F9		-0.185942	-0.125136	-0.239519	47547.617937		
2013092119581493300	CMDevMot	2013-09-21 19:58:14.933	R	22A7CFE3-2413-41D2-80F8-C693F17141F9		0.999973	0.005968	-0.004405	-0.006632	0.985320	-0.170590	0.003322	0.170615	0.985332	0.085616	-0.001939	-0.003161	0.996321	-0.003371	0.171454	-0.006056	-0.296201	-0.105411	-0.264157	-0.003322	-0.170615	-0.985332	-0.040974	0.031073	-0.127232	-16.980349	-2.713560	-38.295170	1.000000	47547.617937		
2013092119581494000	CMDevMotMag	2013-09-21 19:58:14.939	R	22A7CFE3-2413-41D2-80F8-C693F17141F9		-144.293579	134.741028	-239.874023	0.000000	47547.642505		
2013092119581494900	CMGyro	2013-09-21 19:58:14.949	R	22A7CFE3-2413-41D2-80F8-C693F17141F9		-0.238781	0.036779	-0.213928	47547.649196		
2013092119581496500	CMDevMot	2013-09-21 19:58:14.964	R	22A7CFE3-2413-41D2-80F8-C693F17141F9		0.999889	0.014409	-0.003884	-0.014846	0.986923	-0.160504	0.001520	0.160544	0.987027	0.080526	-0.001355	-0.007338	0.996725	-0.001540	0.161242	-0.014599	-0.349040	0.056503	-0.238565	-0.001520	-0.160544	-0.987027	0.028635	0.055091	-0.143481	-17.206322	-2.500689	-38.208694	1.000000	47547.649196		
2013092119581497800	CMDevMotMag	2013-09-21 19:58:14.978	R	22A7CFE3-2413-41D2-80F8-C693F17141F9		-144.125412	134.238266	-240.038101	0.000000	47547.681121		
2013092119581498000	CMGyro	2013-09-21 19:58:14.980	R	22A7CFE3-2413-41D2-80F8-C693F17141F9		-0.238815	-0.078517	-0.108348	47547.680455		
2013092119581499600	CMDevMot	2013-09-21 19:58:14.995	R	22A7CFE3-2413-41D2-80F8-C693F17141F9		0.999795	0.019954	-0.003557	-0.020261	0.988601	-0.149187	0.000540	0.149229	0.988803	0.074817	-0.001027	-0.010083	0.997146	-0.000546	0.149788	-0.020181	-0.349072	-0.058793	-0.132985	-0.000540	-0.149229	-0.988803	0.018454	0.058073	-0.229688	-17.139843	-2.088380	-38.263294	1.000000	47547.680455		
2013092119581501100	CMGyro	2013-09-21 19:58:15.011	R	22A7CFE3-2413-41D2-80F8-C693F17141F9		0.104675	-0.096203	-0.074146	47547.711714		
2013092119581501700	CMDevMotMag	2013-09-21 19:58:15.017	R	22A7CFE3-2413-41D2-80F8-C693F17141F9		-144.293579	134.070679	-239.217728	0.000000	47547.719967		
2013092119581502700	CMDevMot	2013-09-21 19:58:15.027	R	22A7CFE3-2413-41D2-80F8-C693F17141F9		0.999700	0.023563	-0.006618	-0.024270	0.989291	-0.143925	0.003155	0.144043	0.989566	0.072186	-0.002450	-0.011990	0.997316	-0.003189	0.144545	-0.023813	-0.005582	-0.076479	-0.098783	-0.003155	-0.144042	-0.989566	-0.012820	0.062179	-0.254666	-17.213705	-1.786346	-38.245426	1.000000	47547.711714		
2013092119581504300	CMGyro	2013-09-21 19:58:15.043	R	22A7CFE3-2413-41D2-80F8-C693F17141F9		0.350459	0.108044	-0.010301	47547.742973		
2013092119581505600	CMDevMotMag	2013-09-21 19:58:15.056	R	22A7CFE3-2413-41D2-80F8-C693F17141F9		-143.620880	136.416916	-239.545883	0.000000	47547.758776		
2013092119581505800	CMDevMot	2013-09-21 19:58:15.058	R	22A7CFE3-2413-41D2-80F8-C693F17141F9		0.999655	0.025568	-0.005932	-0.026161	0.988875	-0.146428	0.002122	0.146533	0.989204	0.073445	-0.002019	-0.012968	0.997213	-0.002145	0.147062	-0.025850	0.240112	0.127768	-0.034938	-0.002122	-0.146533	-0.989204	-0.003829	0.075198	-0.103570	-17.283712	-1.853614	-38.210636	1.000000	47547.742973		
2013092119581507000	Heading	2013-09-21 19:58:15.070	R	22A7CFE3-2413-41D2-80F8-C693F17141F9		71.405197	71.590370	35.000000	-16.744583	0.753952	-38.197174	20130921195815069		
2013092119581507400	CMGyro	2013-09-21 19:58:15.074	R	22A7CFE3-2413-41D2-80F8-C693F17141F9		0.484813	0.196840	0.132596	47547.774232		
2013092119581509000	CMDevMot	2013-09-21 19:58:15.089	R	22A7CFE3-2413-41D2-80F8-C693F17141F9		0.999711	0.024033	-0.000145	-0.023758	0.987336	-0.156855	-0.003626	0.156813	0.987622	0.078667	0.000873	-0.011986	0.996829	0.003672	0.157463	-0.024337	0.374467	0.216563	0.107959	0.003626	-0.156813	-0.987622	-0.031474	0.071868	0.091519	-17.236561	-1.901804	-38.229565	1.000000	47547.774232		
2013092119581509700	CMDevMotMag	2013-09-21 19:58:15.097	R	22A7CFE3-2413-41D2-80F8-C693F17141F9		-142.780014	133.903091	-240.366241	0.000000	47547.797707		
2013092119581510500	CMGyro	2013-09-21 19:58:15.105	R	22A7CFE3-2413-41D2-80F8-C693F17141F9		0.392172	0.079345	0.076754	47547.805492		
2013092119581512100	CMDevMot	2013-09-21 19:58:15.121	R	22A7CFE3-2413-41D2-80F8-C693F17141F9		0.999772	0.020878	0.004532	-0.019825	0.985696	-0.167365	-0.007962	0.167237	0.985884	0.083952	0.003135	-0.010212	0.996413	0.008075	0.168027	-0.021178	0.281827	0.099068	0.052118	0.007962	-0.167237	-0.985884	-0.077008	0.053437	0.178267	-16.899397	-2.461112	-38.347992	1.000000	47547.805492		
2013092119581513400	CMDevMotMag	2013-09-21 19:58:15.133	R	22A7CFE3-2413-41D2-80F8-C693F17141F9		-142.780014	132.897552	-238.725510	0.000000	47547.836530		
2013092119581513700	CMGyro	2013-09-21 19:58:15.137	R	22A7CFE3-2413-41D2-80F8-C693F17141F9		0.151145	-0.047575	-0.153055	47547.836751		
2013092119581515200	CMDevMot	2013-09-21 19:58:15.152	R	22A7CFE3-2413-41D2-80F8-C693F17141F9		0.999709	0.023568	0.005125	-0.022337	0.984868	-0.171859	-0.009098	0.171695	0.985108	0.086216	0.003569	-0.011520	0.996203	0.009235	0.172549	-0.023926	0.040800	-0.027852	-0.177692	0.009098	-0.171695	-0.985108	-0.067219	0.063723	0.180772	-16.795597	-2.754032	-38.373672	1.000000	47547.836751		
2013092119581516800	CMGyro	2013-09-21 19:58:15.167	R	22A7CFE3-2413-41D2-80F8-C693F17141F9		-0.114966	-0.162044	-0.230624	47547.868010		
2013092119581517200	CMDevMotMag	2013-09-21 19:58:15.172	R	22A7CFE3-2413-41D2-80F8-C693F17141F9		-142.780014	134.908615	-239.053665	0.000000	47547.875023		
2013092119581518400	CMDevMot	2013-09-21 19:58:15.183	R	22A7CFE3-2413-41D2-80F8-C693F17141F9		0.999523	0.030836	0.001679	-0.030132	0.985733	-0.165598	-0.006761	0.165469	0.986192	0.083064	0.002118	-0.015297	0.996425	0.006856	0.166233	-0.031272	-0.225419	-0.142349	-0.255256	0.006761	-0.165469	-0.986192	-0.022722	0.091128	0.077699	-16.821671	-2.872941	-38.353527	1.000000	47547.868010		
2013092119581519900	CMGyro	2013-09-21 19:58:15.199	R	22A7CFE3-2413-41D2-80F8-C693F17141F9		-0.129347	-0.159433	-0.177989	47547.899269		
2013092119581521100	CMDevMotMag	2013-09-21 19:58:15.211	R	22A7CFE3-2413-41D2-80F8-C693F17141F9		-144.293579	133.400314	-238.889587	0.000000	47547.913844		
2013092119581521500	CMDevMot	2013-09-21 19:58:15.214	R	22A7CFE3-2413-41D2-80F8-C693F17141F9		0.999262	0.038280	-0.003043	-0.038282	0.986802	-0.157344	-0.003021	0.157345	0.987539	0.078933	-0.000006	-0.019204	0.996695	0.003059	0.158001	-0.038773	-0.239799	-0.139739	-0.202620	0.003021	-0.157345	-0.987539	0.001374	0.093365	-0.044321	-16.912127	-2.726806	-38.324406	1.000000	47547.899269		
2013092119581522800	Heading	2013-09-21 19:58:15.227	R	22A7CFE3-2413-41D2-80F8-C693F17141F9		72.611542	72.796715	35.000000	-15.970993	-0.352127	-37.704926	20130921195815224		
2013092119581523000	CMGyro	2013-09-21 19:58:15.230	R	22A7CFE3-2413-41D2-80F8-C693F17141F9		0.121380	0.040406	-0.025782	47547.930528		
2013092119581524500	CMDevMot	2013-09-21 19:58:15.245	R	22A7CFE3-2413-41D2-80F8-C693F17141F9		0.999104	0.042185	-0.003379	-0.042211	0.987624	-0.151052	-0.003035	0.151059	0.988520	0.075762	-0.000086	-0.021165	0.996901	0.003070	0.151640	-0.042688	0.010796	0.060110	-0.050416	0.003035	-0.151059	-0.988520	0.024584	0.088773	-0.057912	-17.084280	-2.539504	-38.260864	1.000000	47547.930528		
2013092119581525100	CMDevMotMag	2013-09-21 19:58:15.251	R	22A7CFE3-2413-41D2-80F8-C693F17141F9		-144.966278	133.400314	-239.874023	0.000000	47547.952759		
2013092119581526200	CMGyro	2013-09-21 19:58:15.261	R	22A7CFE3-2413-41D2-80F8-C693F17141F9		0.302768	0.095022	0.179662	47547.961787		
2013092119581527700	CMDevMot	2013-09-21 19:58:15.277	R	22A7CFE3-2413-41D2-80F8-C693F17141F9		0.999188	0.040286	0.000791	-0.039692	0.987459	-0.152808	-0.006937	0.152652	0.988256	0.076606	0.001938	-0.020058	0.996858	0.007020	0.153251	-0.040775	0.192082	0.114776	0.155019	0.006937	-0.152652	-0.988256	0.011831	0.047672	0.074956	-17.003002	-2.321044	-38.310913	1.000000	47547.961787		
2013092119581528800	CMDevMotMag	2013-09-21 19:58:15.288	R	22A7CFE3-2413-41D2-80F8-C693F17141F9		-143.284531	133.735504	-239.217728	0.000000	47547.991583		
2013092119581529300	CMGyro	2013-09-21 19:58:15.293	R	22A7CFE3-2413-41D2-80F8-C693F17141F9		0.278916	0.029411	0.205155	47547.993046		
2013092119581530800	CMDevMot	2013-09-21 19:58:15.308	R	22A7CFE3-2413-41D2-80F8-C693F17141F9		0.999382	0.034997	0.003274	-0.034032	0.986686	-0.159038	-0.008796	0.158828	0.987267	0.079733	0.003028	-0.017315	0.996661	0.008910	0.159504	-0.035455	0.168230	0.049165	0.180512	0.008796	-0.158828	-0.987267	-0.011131	0.012130	0.170098	-16.881811	-2.476245	-38.354763	1.000000	47547.993046		
2013092119581532400	CMGyro	2013-09-21 19:58:15.324	R	22A7CFE3-2413-41D2-80F8-C693F17141F9		0.087601	-0.100681	0.085589	47548.024305		
2013092119581532700	CMDevMotMag	2013-09-21 19:58:15.327	R	22A7CFE3-2413-41D2-80F8-C693F17141F9		-143.957230	133.065140	-239.217728	0.000000	47548.030429		
2013092119581534000	CMDevMot	2013-09-21 19:58:15.340	R	22A7CFE3-2413-41D2-80F8-C693F17141F9		0.999507	0.031284	0.002542	-0.030468	0.986506	-0.160864	-0.007540	0.160707	0.986973	0.080666	0.002529	-0.015490	0.996618	0.007640	0.161407	-0.031702	-0.023084	-0.080927	0.060947	0.007540	-0.160707	-0.986973	-0.026095	-0.004103	0.165822	-16.846964	-2.565404	-38.364227	1.000000	47548.024305		
2013092119581535500	CMGyro	2013-09-21 19:58:15.355	R	22A7CFE3-2413-41D2-80F8-C693F17141F9		-0.066578	-0.153295	-0.013603	47548.055564		
2013092119581536600	CMDevMotMag	2013-09-21 19:58:15.366	R	22A7CFE3-2413-41D2-80F8-C693F17141F9		-145.134445	132.562378	-240.366241	0.000000	47548.069277		
2013092119581537100	CMDevMot	2013-09-21 19:58:15.371	R	22A7CFE3-2413-41D2-80F8-C693F17141F9		0.999503	0.031506	-0.001022	-0.031275	0.987074	-0.157182	-0.003943	0.157136	0.987569	0.078835	0.000732	-0.015746	0.996763	0.003992	0.157790	-0.031907	-0.177263	-0.133541	-0.038245	0.003943	-0.157136	-0.987569	-0.007773	0.012391	0.081960	-16.883547	-2.549652	-38.349190	1.000000	47548.055564		
2013092119581538600	CMGyro	2013-09-21 19:58:15.386	R	22A7CFE3-2413-41D2-80F8-C693F17141F9		-0.112282	-0.105810	0.020062	47548.086823		
2013092119581540200	CMDevMot	2013-09-21 19:58:15.402	R	22A7CFE3-2413-41D2-80F8-C693F17141F9		0.999463	0.032463	-0.004437	-0.032761	0.988120	-0.150149	-0.000490	0.150214	0.988653	0.075315	-0.000990	-0.016355	0.997025	0.000496	0.150784	-0.032842	-0.222979	-0.086062	-0.004579	0.000490	-0.150214	-0.988653	0.012922	0.027716	-0.018228	-17.024012	-2.414875	-38.295780	1.000000	47548.086823		
2013092119581540500	CMDevMotMag	2013-09-21 19:58:15.405	R	22A7CFE3-2413-41D2-80F8-C693F17141F9		-145.470795	134.573441	-239.381805	0.000000	47548.108093		
2013092119581541800	CMGyro	2013-09-21 19:58:15.418	R	22A7CFE3-2413-41D2-80F8-C693F17141F9		0.049441	0.014283	0.127562	47548.118083		
2013092119581543300	Heading	2013-09-21 19:58:15.432	R	22A7CFE3-2413-41D2-80F8-C693F17141F9		73.992065	74.177238	35.000000	-16.694122	-0.167786	-37.852570	20130921195815431		
2013092119581543300	CMDevMot	2013-09-21 19:58:15.433	R	22A7CFE3-2413-41D2-80F8-C693F17141F9		0.999514	0.030832	-0.004531	-0.031163	0.988968	-0.144814	0.000016	0.144885	0.989449	0.072625	-0.001140	-0.015542	0.997238	-0.000017	0.145397	-0.031166	-0.061306	0.034056	0.102916	-0.000016	-0.144885	-0.989449	0.014085	0.017520	-0.066093	-17.199291	-2.045637	-38.238922	1.000000	47548.118083		
2013092119581544400	CMDevMotMag	2013-09-21 19:58:15.444	R	22A7CFE3-2413-41D2-80F8-C693F17141F9		-142.443665	134.238266	-240.366241	0.000000	47548.146915		
2013092119581544900	CMGyro	2013-09-21 19:58:15.449	R	22A7CFE3-2413-41D2-80F8-C693F17141F9		0.166785	0.084051	0.228189	47548.149342		
2013092119581546500	CMDevMot	2013-09-21 19:58:15.464	R	22A7CFE3-2413-41D2-80F8-C693F17141F9		0.999668	0.025758	-0.001083	-0.025643	0.989083	-0.145115	-0.002666	0.145094	0.989414	0.072751	0.000397	-0.012885	0.997267	0.002695	0.145608	-0.026037	0.056028	0.103854	0.203538	0.002666	-0.145094	-0.989414	0.017155	0.001540	-0.038204	-17.133059	-1.883686	-38.276958	1.000000	47548.149342		
2013092119581548000	CMGyro	2013-09-21 19:58:15.480	R	22A7CFE3-2413-41D2-80F8-C693F17141F9		0.204927	0.005863	0.297268	47548.180601		
2013092119581548300	CMDevMotMag	2013-09-21 19:58:15.483	R	22A7CFE3-2413-41D2-80F8-C693F17141F9		-143.452713	133.903091	-238.725510	0.000000	47548.185700		
2013092119581549600	CMDevMot	2013-09-21 19:58:15.496	R	22A7CFE3-2413-41D2-80F8-C693F17141F9		0.999838	0.018001	0.000291	-0.017759	0.988803	-0.148169	-0.002955	0.148140	0.988962	0.074285	0.000814	-0.008965	0.997196	0.002988	0.148687	-0.018203	0.094197	0.025633	0.272623	0.002955	-0.148140	-0.988962	-0.019526	-0.018578	-0.021063	-17.006830	-1.832947	-38.335667	1.000000	47548.180601		
2013092119581551200	CMGyro	2013-09-21 19:58:15.511	R	22A7CFE3-2413-41D2-80F8-C693F17141F9		0.292854	0.030173	0.268875	47548.211860		
2013092119581552200	CMDevMotMag	2013-09-21 19:58:15.521	R	22A7CFE3-2413-41D2-80F8-C693F17141F9		-143.789062	133.903091	-239.053665	0.000000	47548.224546		
2013092119581552700	CMDevMot	2013-09-21 19:58:15.527	R	22A7CFE3-2413-41D2-80F8-C693F17141F9		0.999950	0.009934	0.001101	-0.009650	0.988277	-0.152367	-0.002602	0.152349	0.988323	0.076403	0.000928	-0.004911	0.997064	0.002632	0.152945	-0.010052	0.182125	0.049942	0.244230	0.002602	-0.152349	-0.988323	-0.046928	-0.028224	-0.065433	-17.011055	-1.834352	-38.333725	1.000000	47548.211860		
2013092119581553700	Heading	2013-09-21 19:58:15.537	R	22A7CFE3-2413-41D2-80F8-C693F17141F9		72.990288	73.175461	35.000000	-16.273697	-0.050491	-38.262756	20130921195815535		
2013092119581553700	Location	2013-09-21 19:58:15.537	R	22A7CFE3-2413-41D2-80F8-C693F17141F9		44.834109	-92.934601	277.524025	30.000000	6.000000	-1.000000	-1.000000	20130921195815531		
2013092119581554300	CMGyro	2013-09-21 19:58:15.543	R	22A7CFE3-2413-41D2-80F8-C693F17141F9		0.407005	0.180321	0.285670	47548.243119		
2013092119581555900	CMDevMot	2013-09-21 19:58:15.558	R	22A7CFE3-2413-41D2-80F8-C693F17141F9		0.999989	0.002043	0.004180	-0.001345	0.987007	-0.160674	-0.004454	0.160667	0.986999	0.080598	0.002165	-0.000850	0.996744	0.004512	0.161366	-0.002070	0.296308	0.200021	0.261037	0.004454	-0.160667	-0.986999	-0.062971	-0.028618	-0.082871	-16.992643	-1.859490	-38.340679	1.000000	47548.243119		
2013092119581556100	CMDevMotMag	2013-09-21 19:58:15.561	R	22A7CFE3-2413-41D2-80F8-C693F17141F9		-143.789062	133.903091	-241.022537	0.000000	47548.263434		
2013092119581556200	Heading	2013-09-21 19:58:15.562	R	22A7CFE3-2413-41D2-80F8-C693F17141F9		71.783562	71.968735	35.000000	-16.021423	-0.033737	-38.705780	20130921195815560		
2013092119581557400	CMGyro	2013-09-21 19:58:15.574	R	22A7CFE3-2413-41D2-80F8-C693F17141F9		0.568646	0.277703	0.291269	47548.274378		
2013092119581559000	CMDevMot	2013-09-21 19:58:15.590	R	22A7CFE3-2413-41D2-80F8-C693F17141F9		0.999904	-0.006335	0.012328	0.008368	0.984966	-0.172547	-0.011049	0.172633	0.984924	0.086623	0.005866	0.003690	0.996217	0.011218	0.173503	0.006432	0.457950	0.297403	0.266636	0.011049	-0.172633	-0.984924	-0.093340	-0.025136	-0.105850	-16.755272	-2.181911	-38.428055	1.000000	47548.274378		
2013092119581559900	CMDevMotMag	2013-09-21 19:58:15.599	R	22A7CFE3-2413-41D2-80F8-C693F17141F9		-143.620880	131.389267	-239.545883	0.000000	47548.302232		
2013092119581560500	CMGyro	2013-09-21 19:58:15.605	R	22A7CFE3-2413-41D2-80F8-C693F17141F9		0.705237	0.520304	0.252660	47548.305637		
2013092119581562100	CMDevMot	2013-09-21 19:58:15.621	R	22A7CFE3-2413-41D2-80F8-C693F17141F9		0.999591	-0.013597	0.025169	0.018120	0.981759	-0.189266	-0.022137	0.189644	0.981603	0.095169	0.011882	0.007966	0.995358	0.022548	0.190800	0.013849	0.594544	0.539977	0.228032	0.022137	-0.189644	-0.981603	-0.056057	-0.019279	-0.059565	-16.410612	-2.614806	-38.549580	1.000000	47548.305637		
2013092119581563700	CMGyro	2013-09-21 19:58:15.637	R	22A7CFE3-2413-41D2-80F8-C693F17141F9		0.448127	0.609413	0.318545	47548.336896		
2013092119581563800	CMDevMotMag	2013-09-21 19:58:15.638	R	22A7CFE3-2413-41D2-80F8-C693F17141F9		-142.443665	131.892029	-239.053665	0.000000	47548.341054		
2013092119581564000	Heading	2013-09-21 19:58:15.639	R	22A7CFE3-2413-41D2-80F8-C693F17141F9		70.511421	70.696594	35.000000	-15.516891	-0.871689	-38.410461	20130921195815638		
2013092119581565200	CMDevMot	2013-09-21 19:58:15.652	R	22A7CFE3-2413-41D2-80F8-C693F17141F9		0.998741	-0.021468	0.045335	0.030273	0.978606	-0.203502	-0.039997	0.204618	0.978024	0.102604	0.021453	0.013008	0.994406	0.040872	0.206074	0.021934	0.337439	0.629085	0.293917	0.039997	-0.204618	-0.978024	-0.022556	0.004988	0.031201	-15.757948	-3.184350	-38.778378	1.000000	47548.336896		
2013092119581566800	CMGyro	2013-09-21 19:58:15.668	R	22A7CFE3-2413-41D2-80F8-C693F17141F9		0.084174	0.282880	0.217340	47548.368156		
2013092119581567700	CMDevMotMag	2013-09-21 19:58:15.677	R	22A7CFE3-2413-41D2-80F8-C693F17141F9		-142.107315	130.886490	-240.366241	0.000000	47548.379863		
2013092119581568400	CMDevMot	2013-09-21 19:58:15.683	R	22A7CFE3-2413-41D2-80F8-C693F17141F9		0.997787	-0.029634	0.059526	0.041337	0.977636	-0.206201	-0.052085	0.208205	0.976697	0.104227	0.028071	0.017850	0.993997	0.053277	0.209740	0.030302	-0.026519	0.302515	0.192719	0.052085	-0.208205	-0.976697	-0.071357	0.007918	-0.113391	-15.379679	-3.357460	-38.915401	1.000000	47548.368156		
2013092119581569900	CMGyro	2013-09-21 19:58:15.699	R	22A7CFE3-2413-41D2-80F8-C693F17141F9		0.200501	-0.058139	-0.030923	47548.399415		
2013092119581571700	CMDevMot	2013-09-21 19:58:15.716	R	22A7CFE3-2413-41D2-80F8-C693F17141F9		0.997659	-0.030166	0.061373	0.042209	0.977734	-0.205561	-0.053806	0.207671	0.976718	0.103932	0.028969	0.018203	0.993996	0.055033	0.209193	0.030843	0.089808	-0.038505	-0.055544	0.053806	-0.207671	-0.976718	-0.017734	0.050719	-0.320676	-14.856341	-3.359034	-39.118046	1.000000	47548.399415		
2013092119581571800	CMDevMotMag	2013-09-21 19:58:15.717	R	22A7CFE3-2413-41D2-80F8-C693F17141F9		-141.939133	131.389267	-240.202164	0.000000	47548.418685		
2013092119581571800	Heading	2013-09-21 19:58:15.718	R	22A7CFE3-2413-41D2-80F8-C693F17141F9		72.869644	73.054817	35.000000	-14.642395	-2.379959	-38.443268	20130921195815717		
2013092119581573000	CMGyro	2013-09-21 19:58:15.730	R	22A7CFE3-2413-41D2-80F8-C693F17141F9		0.961450	0.220993	0.390496	47548.430674		
2013092119581574600	CMDevMot	2013-09-21 19:58:15.746	R	22A7CFE3-2413-41D2-80F8-C693F17141F9		0.997273	-0.033729	0.065644	0.047524	0.973994	-0.221533	-0.056465	0.224049	0.972941	0.112180	0.030742	0.020456	0.993002	0.057970	0.225967	0.034616	0.850758	0.240628	0.365875	0.056465	-0.224049	-0.972941	0.076973	0.171879	-0.298269	-14.766942	-3.523164	-39.137451	1.000000	47548.430674		
2013092119581575500	CMDevMotMag	2013-09-21 19:58:15.754	R	22A7CFE3-2413-41D2-80F8-C693F17141F9		-141.602783	130.383728	-239.217728	0.000000	47548.457517		
2013092119581576100	CMGyro	2013-09-21 19:58:15.761	R	22A7CFE3-2413-41D2-80F8-C693F17141F9		1.269691	0.169675	0.731663	47548.461933		
2013092119581576900	Heading	2013-09-21 19:58:15.769	R	22A7CFE3-2413-41D2-80F8-C693F17141F9		71.738327	71.923500	35.000000	-13.734253	-3.083832	-38.672958	20130921195815768		
