2013092222573569800	Event	Test Begin	Default Test	2013-09-22 22:57:35.671	R	22A7CFE3-2413-41D2-80F8-C693F17141F9	ApioTest version 1.07		
2013092222573571500	Config	Local Default		DevMotRate	32.0	MagnetometerRate	32.0	LocDistanceFilter	20	AccelerometerRate	32.0	GyroRate	32.0		
2013092222573571500	Customer	22A7CFE3-2413-41D2-80F8-C693F17141F9	Kayla	Washenberger	6517697331			
2013092222573571500	Vehicle	Chevy	Monte Carlo	1999	Black			
2013092222573571600	Event	Text	Default Test	2013-09-22 22:57:35.667	R	22A7CFE3-2413-41D2-80F8-C693F17141F9	Driver		
2013092222573572400	CMGyro	2013-09-22 22:57:35.717	R	22A7CFE3-2413-41D2-80F8-C693F17141F9		-0.040450	-0.189992	0.122733	61684.942853		
2013092222573574700	CMDevMot	2013-09-22 22:57:35.747	R	22A7CFE3-2413-41D2-80F8-C693F17141F9		1.000000	-0.000375	-0.000298	0.000375	1.000000	0.000469	0.000297	-0.000469	1.000000	-0.000234	-0.000149	0.000188	1.000000	-0.000297	-0.000469	0.000375	-0.089983	-0.057090	0.071982	-0.000297	0.000469	-1.000000	0.000000	0.000000	0.000000	0.000000	0.000000	0.000000	-1.000000	61684.958482		
2013092222573574800	CMGyro	2013-09-22 22:57:35.748	R	22A7CFE3-2413-41D2-80F8-C693F17141F9		0.120945	0.007218	0.077124	61684.974111		
2013092222573577300	Event	Bluetooth	Default Test	2013-09-22 22:57:35.773	R	22A7CFE3-2413-41D2-80F8-C693F17141F9	Bluetooth is currently powered on and available to use.		
2013092222573577500	CMDevMotMag	2013-09-22 22:57:35.775	R	22A7CFE3-2413-41D2-80F8-C693F17141F9		-129.326065	118.484955	-232.490753	0.000000	61685.006928		
2013092222573577900	CMDevMot	2013-09-22 22:57:35.778	R	22A7CFE3-2413-41D2-80F8-C693F17141F9		0.999986	-0.001388	0.005090	0.001833	0.996070	-0.088551	-0.004948	0.088559	0.996059	0.044321	0.002512	0.000806	0.999014	0.004967	0.088675	0.001393	0.007537	0.074364	0.031219	0.004948	-0.088559	-0.996059	0.011746	-0.008655	0.005260	0.000000	0.000000	0.000000	-1.000000	61684.989740		
2013092222573577900	CMGyro	2013-09-22 22:57:35.779	R	22A7CFE3-2413-41D2-80F8-C693F17141F9		0.075073	0.068598	0.074079	61685.005369		
2013092222573578600	Location	2013-09-22 22:57:35.782	R	22A7CFE3-2413-41D2-80F8-C693F17141F9		44.965469	-93.243225	257.913601	5.000000	3.000000	0.000000	199.335938	20130922225735725		
2013092222573581000	CMDevMot	2013-09-22 22:57:35.810	R	22A7CFE3-2413-41D2-80F8-C693F17141F9		0.999965	-0.002768	0.007841	0.003441	0.996185	-0.087201	-0.007570	0.087225	0.996160	0.043649	0.003857	0.001554	0.999038	0.007599	0.087336	0.002778	-0.067639	0.096619	0.042513	0.007570	-0.087225	-0.996160	-0.000063	-0.009851	0.017232	0.000000	0.000000	0.000000	-1.000000	61685.020999		
2013092222573581000	CMGyro	2013-09-22 22:57:35.810	R	22A7CFE3-2413-41D2-80F8-C693F17141F9		0.035261	0.056842	0.040709	61685.036628		
2013092222573581100	CMDevMotMag	2013-09-22 22:57:35.811	R	22A7CFE3-2413-41D2-80F8-C693F17141F9		-130.166931	117.311844	-233.311127	0.000000	61685.045944		
2013092222573584100	CMDevMot	2013-09-22 22:57:35.841	R	22A7CFE3-2413-41D2-80F8-C693F17141F9		0.999945	-0.003246	0.010017	0.004084	0.996395	-0.084735	-0.009706	0.084771	0.996353	0.042415	0.004935	0.001834	0.999086	0.009741	0.084873	0.003258	-0.073168	0.027486	0.000165	0.009706	-0.084771	-0.996353	0.005659	-0.005866	0.006302	0.000000	0.000000	0.000000	-1.000000	61685.052257		
2013092222573584100	CMGyro	2013-09-22 22:57:35.841	R	22A7CFE3-2413-41D2-80F8-C693F17141F9		0.050313	-0.012192	0.033977	61685.067886		
2013092222573585100	CMDevMotMag	2013-09-22 22:57:35.850	R	22A7CFE3-2413-41D2-80F8-C693F17141F9		-130.335114	117.814606	-234.787781	0.000000	61685.084826		
2013092222573587200	CMDevMot	2013-09-22 22:57:35.872	R	22A7CFE3-2413-41D2-80F8-C693F17141F9		0.999941	-0.003650	0.010237	0.004485	0.996557	-0.082793	-0.009900	0.082834	0.996514	0.041443	0.005039	0.002035	0.999126	0.009934	0.082929	0.003662	-0.064566	0.001752	0.028997	0.009900	-0.082834	-0.996514	0.014026	0.000894	0.003243	0.000000	0.000000	0.000000	-1.000000	61685.083516		
2013092222573587300	CMGyro	2013-09-22 22:57:35.872	R	22A7CFE3-2413-41D2-80F8-C693F17141F9		0.077818	0.001642	0.035355	61685.099145		
2013092222573588800	CMDevMotMag	2013-09-22 22:57:35.888	R	22A7CFE3-2413-41D2-80F8-C693F17141F9		-130.503281	118.987717	-233.311127	0.000000	61685.123026		
2013092222573590600	CMDevMot	2013-09-22 22:57:35.905	R	22A7CFE3-2413-41D2-80F8-C693F17141F9		0.999925	-0.003828	0.011653	0.004764	0.996669	-0.081411	-0.011302	0.081460	0.996613	0.040752	0.005744	0.002150	0.999150	0.011340	0.081550	0.003840	-0.000423	0.028834	-0.001014	0.011302	-0.081460	-0.996613	0.001363	0.008248	-0.006699	0.000000	0.000000	0.000000	-1.000000	61685.114774		
2013092222573590700	CMGyro	2013-09-22 22:57:35.907	R	22A7CFE3-2413-41D2-80F8-C693F17141F9		0.099326	0.033226	0.044545	61685.130403		
2013092222573592700	CMDevMotMag	2013-09-22 22:57:35.926	R	22A7CFE3-2413-41D2-80F8-C693F17141F9		-130.503281	118.317368	-233.639267	0.000000	61685.161929		
2013092222573593500	CMDevMot	2013-09-22 22:57:35.935	R	22A7CFE3-2413-41D2-80F8-C693F17141F9		0.999861	-0.004293	0.016088	0.005597	0.996623	-0.081926	-0.015682	0.082004	0.996509	0.041018	0.007950	0.002475	0.999124	0.015736	0.082096	0.004308	-0.043050	0.045190	0.042672	0.015682	-0.082004	-0.996509	0.006367	-0.003704	0.015887	0.000000	0.000000	0.000000	-1.000000	61685.146032		
2013092222573593600	CMGyro	2013-09-22 22:57:35.936	R	22A7CFE3-2413-41D2-80F8-C693F17141F9		0.081402	0.036986	0.047709	61685.161662		
2013092222573596700	CMDevMot	2013-09-22 22:57:35.967	R	22A7CFE3-2413-41D2-80F8-C693F17141F9		0.999824	-0.004899	0.018133	0.006368	0.996626	-0.081831	-0.017671	0.081932	0.996481	0.040977	0.008959	0.002819	0.999116	0.017732	0.082024	0.004916	-0.018018	0.063574	0.001590	0.017671	-0.081932	-0.996481	0.001265	-0.006157	-0.005960	0.000000	0.000000	0.000000	-1.000000	61685.177291		
2013092222573596800	CMGyro	2013-09-22 22:57:35.968	R	22A7CFE3-2413-41D2-80F8-C693F17141F9		0.074610	0.035048	0.032344	61685.192920		
2013092222573596800	CMDevMotMag	2013-09-22 22:57:35.968	R	22A7CFE3-2413-41D2-80F8-C693F17141F9		-129.830582	119.322906	-232.326691	0.000000	61685.200967		
2013092222573599900	CMDevMot	2013-09-22 22:57:35.998	R	22A7CFE3-2413-41D2-80F8-C693F17141F9		0.999749	-0.005072	0.021810	0.006825	0.996685	-0.081072	-0.021327	0.081200	0.996470	0.040604	0.010794	0.002977	0.999113	0.021399	0.081290	0.005089	-0.053198	0.047062	0.021299	0.021327	-0.081200	-0.996470	0.008504	-0.007102	-0.007635	0.000000	0.000000	0.000000	-1.000000	61685.208550		
2013092222573599900	CMGyro	2013-09-22 22:57:35.999	R	22A7CFE3-2413-41D2-80F8-C693F17141F9		0.088282	0.014230	0.050587	61685.224179		
2013092222573600600	CMDevMotMag	2013-09-22 22:57:36.006	R	22A7CFE3-2413-41D2-80F8-C693F17141F9		-130.166931	118.652542	-233.311127	0.000000	61685.239849		
2013092222573602900	CMDevMot	2013-09-22 22:57:36.029	R	22A7CFE3-2413-41D2-80F8-C693F17141F9		0.999707	-0.005693	0.023509	0.007556	0.996773	-0.079922	-0.022978	0.080076	0.996524	0.040034	0.011632	0.003315	0.999125	0.023054	0.080162	0.005712	-0.020266	0.010831	0.026025	0.022978	-0.080076	-0.996524	0.008684	0.000333	0.001361	0.000000	0.000000	0.000000	-1.000000	61685.239808		
2013092222573603000	CMGyro	2013-09-22 22:57:36.030	R	22A7CFE3-2413-41D2-80F8-C693F17141F9		0.084175	-0.012138	0.062758	61685.255437		
2013092222573604500	CMDevMotMag	2013-09-22 22:57:36.045	R	22A7CFE3-2413-41D2-80F8-C693F17141F9		-128.989716	118.484955	-232.490753	0.000000	61685.278652		
2013092222573606100	CMDevMot	2013-09-22 22:57:36.060	R	22A7CFE3-2413-41D2-80F8-C693F17141F9		0.999698	-0.006638	0.023663	0.008508	0.996775	-0.079797	-0.023057	0.079974	0.996530	0.039978	0.011690	0.003790	0.999125	0.023133	0.080060	0.006660	0.021709	0.019859	0.019497	0.023057	-0.079974	-0.996530	-0.008241	-0.003888	-0.030707	0.000000	0.000000	0.000000	-1.000000	61685.271067		
2013092222573606100	CMGyro	2013-09-22 22:57:36.061	R	22A7CFE3-2413-41D2-80F8-C693F17141F9		0.158438	-0.010537	0.048664	61685.286696		
2013092222573608500	CMDevMotMag	2013-09-22 22:57:36.085	R	22A7CFE3-2413-41D2-80F8-C693F17141F9		-130.671463	119.490494	-234.787781	0.000000	61685.317582		
2013092222573609200	CMDevMot	2013-09-22 22:57:36.092	R	22A7CFE3-2413-41D2-80F8-C693F17141F9		0.999687	-0.007427	0.023895	0.009360	0.996603	-0.081817	-0.023207	0.082015	0.996361	0.040996	0.011786	0.004201	0.999081	0.023287	0.082107	0.007452	0.031957	-0.001994	0.032999	0.023207	-0.082015	-0.996361	0.001528	-0.009782	0.007622	0.000000	0.000000	0.000000	-1.000000	61685.302325		
2013092222573609300	CMGyro	2013-09-22 22:57:36.092	R	22A7CFE3-2413-41D2-80F8-C693F17141F9		0.141470	-0.035313	0.051186	61685.317954		
2013092222573612300	CMDevMotMag	2013-09-22 22:57:36.123	R	22A7CFE3-2413-41D2-80F8-C693F17141F9		-130.503281	118.652542	-232.326691	0.000000	61685.356425		
2013092222573612400	CMDevMot	2013-09-22 22:57:36.124	R	22A7CFE3-2413-41D2-80F8-C693F17141F9		0.999700	-0.008242	0.023050	0.010136	0.996473	-0.083305	-0.022282	0.083513	0.996257	0.041744	0.011344	0.004599	0.999053	0.022362	0.083611	0.008271	0.023752	-0.023038	0.021488	0.022282	-0.083513	-0.996257	-0.003193	-0.004103	-0.001789	0.000000	0.000000	0.000000	-1.000000	61685.333584		
2013092222573612400	CMGyro	2013-09-22 22:57:36.124	R	22A7CFE3-2413-41D2-80F8-C693F17141F9		0.107645	0.005951	0.035768	61685.349213		
2013092222573615500	CMDevMot	2013-09-22 22:57:36.154	R	22A7CFE3-2413-41D2-80F8-C693F17141F9		0.999684	-0.008534	0.023628	0.010483	0.996445	-0.083595	-0.022831	0.083817	0.996220	0.041893	0.011626	0.004759	0.999043	0.022913	0.083915	0.008565	-0.018077	0.048099	0.004221	0.022831	-0.083817	-0.996220	-0.002964	-0.008026	-0.001171	0.000000	0.000000	0.000000	-1.000000	61685.364842		
2013092222573615600	CMGyro	2013-09-22 22:57:36.155	R	22A7CFE3-2413-41D2-80F8-C693F17141F9		0.108444	-0.023902	0.041027	61685.380471		
2013092222573616100	CMDevMotMag	2013-09-22 22:57:36.161	R	22A7CFE3-2413-41D2-80F8-C693F17141F9		-130.166931	118.652542	-232.326691	0.000000	61685.395229		
2013092222573618500	CMDevMot	2013-09-22 22:57:36.185	R	22A7CFE3-2413-41D2-80F8-C693F17141F9		0.999686	-0.008957	0.023424	0.010888	0.996434	-0.083672	-0.022591	0.083901	0.996218	0.041933	0.011515	0.004966	0.999042	0.022673	0.084000	0.008989	-0.003508	-0.050863	0.007432	0.022591	-0.083901	-0.996218	0.003929	-0.002967	-0.000532	0.000000	0.000000	0.000000	-1.000000	61685.396101		
2013092222573618500	CMGyro	2013-09-22 22:57:36.185	R	22A7CFE3-2413-41D2-80F8-C693F17141F9		0.113549	-0.075466	0.057335	61685.411730		
2013092222573620100	CMDevMotMag	2013-09-22 22:57:36.201	R	22A7CFE3-2413-41D2-80F8-C693F17141F9		-130.166931	117.982193	-232.654831	0.000000	61685.434053		
2013092222573621700	CMDevMot	2013-09-22 22:57:36.217	R	22A7CFE3-2413-41D2-80F8-C693F17141F9		0.999728	-0.009668	0.021210	0.011415	0.996411	-0.083873	-0.020323	0.084092	0.996251	0.042031	0.010393	0.005276	0.999048	0.020396	0.084192	0.009702	0.018223	-0.050975	-0.003965	0.020323	-0.084092	-0.996251	-0.009886	-0.002639	-0.004711	0.000000	0.000000	0.000000	-1.000000	61685.437779		
2013092222573621700	CMGyro	2013-09-22 22:57:36.217	R	22A7CFE3-2413-41D2-80F8-C693F17141F9		0.145596	-0.087964	0.009874	61685.453409		
2013092222573624100	CMDevMotMag	2013-09-22 22:57:36.240	R	22A7CFE3-2413-41D2-80F8-C693F17141F9		-131.175980	118.652542	-231.998535	0.000000	61685.472880		
2013092222573624800	CMDevMot	2013-09-22 22:57:36.248	R	22A7CFE3-2413-41D2-80F8-C693F17141F9		0.999792	-0.009123	0.018258	0.010647	0.996303	-0.085245	-0.017413	0.085422	0.996193	0.042708	0.008926	0.004947	0.999035	0.017478	0.085526	0.009156	0.042587	-0.071025	-0.031417	0.017413	-0.085422	-0.996193	-0.008639	-0.004102	-0.003914	0.000000	0.000000	0.000000	-1.000000	61685.469038		
2013092222573624900	CMGyro	2013-09-22 22:57:36.249	R	22A7CFE3-2413-41D2-80F8-C693F17141F9		0.157921	-0.084242	-0.005279	61685.484667		
2013092222573627700	CMDevMotMag	2013-09-22 22:57:36.277	R	22A7CFE3-2413-41D2-80F8-C693F17141F9		-130.166931	118.987717	-233.967407	0.000000	61685.511387		
2013092222573628000	CMDevMot	2013-09-22 22:57:36.279	R	22A7CFE3-2413-41D2-80F8-C693F17141F9		0.999844	-0.008217	0.015652	0.009550	0.996157	-0.087061	-0.014877	0.087197	0.996080	0.043608	0.007640	0.004446	0.999010	0.014934	0.087308	0.008248	0.034333	-0.066229	-0.030459	0.014877	-0.087197	-0.996080	-0.005462	-0.006568	0.003587	0.000000	0.000000	0.000000	-1.000000	61685.500296		
2013092222573628000	CMGyro	2013-09-22 22:57:36.280	R	22A7CFE3-2413-41D2-80F8-C693F17141F9		0.151687	-0.089114	0.004115	61685.515926		
2013092222573631100	CMDevMot	2013-09-22 22:57:36.310	R	22A7CFE3-2413-41D2-80F8-C693F17141F9		0.999872	-0.007553	0.014075	0.008766	0.996062	-0.088225	-0.013353	0.088337	0.996001	0.044185	0.006864	0.004084	0.998991	0.013406	0.088453	0.007583	0.016579	-0.012790	-0.015258	0.013353	-0.088337	-0.996001	0.006239	-0.003124	0.010405	0.000000	0.000000	0.000000	-1.000000	61685.531555		
2013092222573631100	CMGyro	2013-09-22 22:57:36.311	R	22A7CFE3-2413-41D2-80F8-C693F17141F9		0.118366	-0.003647	0.032591	61685.547184		
2013092222573631600	CMDevMotMag	2013-09-22 22:57:36.316	R	22A7CFE3-2413-41D2-80F8-C693F17141F9		-130.503281	118.652542	-233.311127	0.000000	61685.550167		
2013092222573634200	CMDevMot	2013-09-22 22:57:36.342	R	22A7CFE3-2413-41D2-80F8-C693F17141F9		0.999856	-0.007822	0.015077	0.009130	0.996012	-0.088754	-0.014323	0.088879	0.995939	0.044454	0.007358	0.004242	0.998975	0.014380	0.088996	0.007853	0.014820	0.018626	0.020593	0.014323	-0.088879	-0.995939	0.006078	-0.000217	0.004835	0.000000	0.000000	0.000000	-1.000000	61685.562814		
2013092222573634300	CMGyro	2013-09-22 22:57:36.343	R	22A7CFE3-2413-41D2-80F8-C693F17141F9		0.147882	-0.026744	0.035849	61685.578443		
2013092222573635500	CMDevMotMag	2013-09-22 22:57:36.355	R	22A7CFE3-2413-41D2-80F8-C693F17141F9		-132.016861	119.155304	-232.818909	0.000000	61685.589013		
2013092222573637300	CMDevMot	2013-09-22 22:57:36.373	R	22A7CFE3-2413-41D2-80F8-C693F17141F9		0.999849	-0.008238	0.015291	0.009583	0.995884	-0.090133	-0.014485	0.090266	0.995812	0.045148	0.007452	0.004460	0.998943	0.014545	0.090389	0.008271	0.068456	-0.016335	0.009171	0.014485	-0.090266	-0.995812	0.005611	-0.001454	-0.023566	0.000000	0.000000	0.000000	-1.000000	61685.594072		
2013092222573637400	CMGyro	2013-09-22 22:57:36.373	R	22A7CFE3-2413-41D2-80F8-C693F17141F9		0.195323	-0.044162	0.039298	61685.609701		
2013092222573639400	CMDevMotMag	2013-09-22 22:57:36.394	R	22A7CFE3-2413-41D2-80F8-C693F17141F9		-130.166931	118.317368	-232.654831	0.000000	61685.627847		
2013092222573640500	CMDevMot	2013-09-22 22:57:36.404	R	22A7CFE3-2413-41D2-80F8-C693F17141F9		0.999851	-0.008574	0.014961	0.009921	0.995668	-0.092444	-0.014103	0.092579	0.995605	0.046307	0.007274	0.004629	0.998890	0.014164	0.092712	0.008611	0.078806	-0.032053	0.017853	0.014103	-0.092579	-0.995605	0.005489	0.004704	-0.003586	0.000000	0.000000	0.000000	-1.000000	61685.625331		
2013092222573640500	CMGyro	2013-09-22 22:57:36.405	R	22A7CFE3-2413-41D2-80F8-C693F17141F9		0.209458	-0.058675	0.040970	61685.640960		
2013092222573643300	CMDevMotMag	2013-09-22 22:57:36.432	R	22A7CFE3-2413-41D2-80F8-C693F17141F9		-131.175980	118.652542	-234.623703	0.000000	61685.666723		
2013092222573643600	CMDevMot	2013-09-22 22:57:36.435	R	22A7CFE3-2413-41D2-80F8-C693F17141F9		0.999862	-0.008837	0.014090	0.010136	0.995425	-0.095007	-0.013186	0.095137	0.995377	0.047592	0.006827	0.004749	0.998832	0.013246	0.095281	0.008877	0.084163	-0.011507	-0.000073	0.013186	-0.095137	-0.995377	-0.000307	0.007170	-0.005340	0.000000	0.000000	0.000000	-1.000000	61685.656589		
2013092222573643600	CMGyro	2013-09-22 22:57:36.436	R	22A7CFE3-2413-41D2-80F8-C693F17141F9		0.197163	0.007115	0.031342	61685.672219		
2013092222573646700	CMDevMot	2013-09-22 22:57:36.467	R	22A7CFE3-2413-41D2-80F8-C693F17141F9		0.999841	-0.009006	0.015360	0.010453	0.995239	-0.096906	-0.014414	0.097051	0.995175	0.048549	0.007452	0.004871	0.998781	0.014483	0.097204	0.009048	0.060607	0.058807	0.010021	0.014414	-0.097051	-0.995175	-0.001947	0.009466	0.013669	0.000000	0.000000	0.000000	-1.000000	61685.687848		
2013092222573646700	CMGyro	2013-09-22 22:57:36.467	R	22A7CFE3-2413-41D2-80F8-C693F17141F9		0.149595	0.023241	0.032618	61685.703477		
2013092222573647200	CMDevMotMag	2013-09-22 22:57:36.471	R	22A7CFE3-2413-41D2-80F8-C693F17141F9		-131.344162	117.479431	-232.490753	0.000000	61685.705636		
2013092222573649900	CMDevMot	2013-09-22 22:57:36.498	R	22A7CFE3-2413-41D2-80F8-C693F17141F9		0.999828	-0.009204	0.016127	0.010747	0.995094	-0.098348	-0.015143	0.098504	0.995021	0.049275	0.007827	0.004994	0.998742	0.015217	0.098664	0.009249	0.025683	0.009327	0.009173	0.015143	-0.098504	-0.995021	-0.006583	0.001596	0.022823	0.000000	0.000000	0.000000	-1.000000	61685.719106		
2013092222573649900	CMGyro	2013-09-22 22:57:36.499	R	22A7CFE3-2413-41D2-80F8-C693F17141F9		0.109759	-0.026171	0.035210	61685.734736		
2013092222573651100	CMDevMotMag	2013-09-22 22:57:36.511	R	22A7CFE3-2413-41D2-80F8-C693F17141F9		-131.344162	118.149780	-231.834473	0.000000	61685.744438		
2013092222573653000	CMDevMot	2013-09-22 22:57:36.530	R	22A7CFE3-2413-41D2-80F8-C693F17141F9		0.999838	-0.009274	0.015456	0.010753	0.995073	-0.098558	-0.014466	0.098708	0.995011	0.049379	0.007490	0.005013	0.998739	0.014538	0.098869	0.009319	0.003217	-0.018606	-0.007148	0.014466	-0.098708	-0.995011	-0.011979	0.000625	0.003007	0.000000	0.000000	0.000000	-1.000000	61685.750365		
2013092222573653000	CMGyro	2013-09-22 22:57:36.530	R	22A7CFE3-2413-41D2-80F8-C693F17141F9		0.144826	-0.058084	0.003439	61685.765994		
2013092222573654900	CMDevMotMag	2013-09-22 22:57:36.549	R	22A7CFE3-2413-41D2-80F8-C693F17141F9		-129.662415	119.155304	-231.834473	0.000000	61685.783178		
2013092222573656100	CMDevMot	2013-09-22 22:57:36.561	R	22A7CFE3-2413-41D2-80F8-C693F17141F9		0.999863	-0.008554	0.014172	0.009922	0.994996	-0.099423	-0.013251	0.099550	0.994944	0.049807	0.006864	0.004625	0.998725	0.013317	0.099715	0.008597	0.037480	-0.023096	-0.045304	0.013251	-0.099550	-0.994944	-0.006964	0.002336	0.005107	0.000000	0.000000	0.000000	-1.000000	61685.781624		
2013092222573656100	CMGyro	2013-09-22 22:57:36.561	R	22A7CFE3-2413-41D2-80F8-C693F17141F9		0.143283	-0.017201	-0.016144	61685.797253		
2013092222573658800	CMDevMotMag	2013-09-22 22:57:36.588	R	22A7CFE3-2413-41D2-80F8-C693F17141F9		-130.335114	117.814606	-233.475189	0.000000	61685.821972		
2013092222573659200	CMDevMot	2013-09-22 22:57:36.592	R	22A7CFE3-2413-41D2-80F8-C693F17141F9		0.999863	-0.007245	0.014906	0.008699	0.994958	-0.099916	-0.014107	0.100032	0.994884	0.050051	0.007263	0.003991	0.998712	0.014179	0.100200	0.007281	-0.012424	0.036850	-0.030756	0.014107	-0.100032	-0.994884	0.011284	0.001460	0.003536	0.000000	0.000000	0.000000	-1.000000	61685.812882		
2013092222573659200	CMGyro	2013-09-22 22:57:36.592	R	22A7CFE3-2413-41D2-80F8-C693F17141F9		0.109857	0.035144	0.004699	61685.828512		
2013092222573662400	CMDevMot	2013-09-22 22:57:36.623	R	22A7CFE3-2413-41D2-80F8-C693F17141F9		0.999836	-0.006679	0.016827	0.008317	0.995028	-0.099249	-0.016080	0.099372	0.994920	0.049719	0.008237	0.003754	0.998722	0.016161	0.099536	0.006712	-0.016657	0.061327	-0.007725	0.016080	-0.099372	-0.994920	0.001055	0.007301	0.000963	0.000000	0.000000	0.000000	-1.000000	61685.844141		
2013092222573662400	CMGyro	2013-09-22 22:57:36.624	R	22A7CFE3-2413-41D2-80F8-C693F17141F9		0.081582	0.025349	0.036163	61685.859770		
2013092222573662700	CMDevMotMag	2013-09-22 22:57:36.627	R	22A7CFE3-2413-41D2-80F8-C693F17141F9		-131.175980	117.982193	-232.326691	0.000000	61685.860800		
2013092222573665400	CMDevMot	2013-09-22 22:57:36.654	R	22A7CFE3-2413-41D2-80F8-C693F17141F9		0.999804	-0.007012	0.018505	0.008799	0.995114	-0.098342	-0.017725	0.098485	0.994981	0.049269	0.009069	0.003958	0.998737	0.017813	0.098645	0.007046	-0.008243	0.028372	0.025938	0.017725	-0.098485	-0.994981	-0.001292	0.002813	-0.018249	0.000000	0.000000	0.000000	-1.000000	61685.875400		
2013092222573665500	CMGyro	2013-09-22 22:57:36.655	R	22A7CFE3-2413-41D2-80F8-C693F17141F9		0.140861	0.008864	0.043319	61685.891029		
2013092222573666600	CMDevMotMag	2013-09-22 22:57:36.665	R	22A7CFE3-2413-41D2-80F8-C693F17141F9		-128.989716	117.814606	-231.506317	0.000000	61685.899622		
2013092222573668600	CMDevMot	2013-09-22 22:57:36.685	R	22A7CFE3-2413-41D2-80F8-C693F17141F9		0.999788	-0.007539	0.019145	0.009398	0.995050	-0.098934	-0.018305	0.099093	0.994910	0.049570	0.009375	0.004240	0.998718	0.018396	0.099255	0.007576	0.019512	0.031798	0.013398	0.018305	-0.099093	-0.994910	-0.004389	0.000521	0.010520	0.000000	0.000000	0.000000	-1.000000	61685.906658		
2013092222573668600	CMGyro	2013-09-22 22:57:36.686	R	22A7CFE3-2413-41D2-80F8-C693F17141F9		0.121964	0.017553	0.039322	61685.922288		
2013092222573670500	CMDevMotMag	2013-09-22 22:57:36.704	R	22A7CFE3-2413-41D2-80F8-C693F17141F9		-129.494232	118.317368	-232.982971	0.000000	61685.938473		
2013092222573671800	CMDevMot	2013-09-22 22:57:36.717	R	22A7CFE3-2413-41D2-80F8-C693F17141F9		0.999763	-0.007904	0.020291	0.009878	0.995029	-0.099099	-0.019406	0.099276	0.994871	0.049658	0.009937	0.004451	0.998707	0.019504	0.099439	0.007944	0.009995	0.030779	0.012084	0.019406	-0.099276	-0.994871	0.001697	0.002703	0.000227	0.000000	0.000000	0.000000	-1.000000	61685.937917		
2013092222573671800	CMGyro	2013-09-22 22:57:36.718	R	22A7CFE3-2413-41D2-80F8-C693F17141F9		0.128730	0.013570	0.053617	61685.953546		
2013092222573674300	CMDevMotMag	2013-09-22 22:57:36.743	R	22A7CFE3-2413-41D2-80F8-C693F17141F9		-130.839630	116.976669	-232.326691	0.000000	61685.977292		
2013092222573674800	CMDevMot	2013-09-22 22:57:36.748	R	22A7CFE3-2413-41D2-80F8-C693F17141F9		0.999736	-0.008574	0.021312	0.010650	0.995003	-0.099272	-0.020355	0.099473	0.994832	0.049751	0.010430	0.004812	0.998696	0.020458	0.099637	0.008617	-0.000931	0.028416	0.019002	0.020355	-0.099473	-0.994832	-0.001571	0.002198	0.008000	0.000000	0.000000	0.000000	-1.000000	61685.969175		
2013092222573674900	CMGyro	2013-09-22 22:57:36.749	R	22A7CFE3-2413-41D2-80F8-C693F17141F9		0.092861	0.003377	0.054388	61685.984805		
2013092222573678000	CMDevMot	2013-09-22 22:57:36.779	R	22A7CFE3-2413-41D2-80F8-C693F17141F9		0.999711	-0.009514	0.022075	0.011649	0.995048	-0.098715	-0.021026	0.098944	0.994871	0.049479	0.010789	0.005298	0.998703	0.021131	0.099106	0.009561	-0.024318	-0.002564	0.037995	0.021026	-0.098944	-0.994871	0.006806	0.000189	-0.008013	0.000000	0.000000	0.000000	-1.000000	61686.000434		
2013092222573678000	CMGyro	2013-09-22 22:57:36.780	R	22A7CFE3-2413-41D2-80F8-C693F17141F9		0.105228	-0.032858	0.071713	61686.016063		
2013092222573678200	CMDevMotMag	2013-09-22 22:57:36.782	R	22A7CFE3-2413-41D2-80F8-C693F17141F9		-130.671463	117.144257	-231.506317	0.000000	61686.016187		
2013092222573681100	CMDevMot	2013-09-22 22:57:36.810	R	22A7CFE3-2413-41D2-80F8-C693F17141F9		0.999706	-0.010905	0.021646	0.012989	0.995043	-0.098595	-0.020463	0.098847	0.994892	0.049424	0.010541	0.005981	0.998704	0.020565	0.099008	0.010959	0.006567	-0.006653	0.040930	0.020463	-0.098847	-0.994892	-0.003526	0.002228	-0.018795	0.000000	0.000000	0.000000	-1.000000	61686.031693		
2013092222573681100	CMGyro	2013-09-22 22:57:36.811	R	22A7CFE3-2413-41D2-80F8-C693F17141F9		0.113984	-0.016102	0.060969	61686.047322		
2013092222573682100	CMDevMotMag	2013-09-22 22:57:36.821	R	22A7CFE3-2413-41D2-80F8-C693F17141F9		-129.998764	117.814606	-231.178177	0.000000	61686.055104		
2013092222573684200	CMDevMot	2013-09-22 22:57:36.842	R	22A7CFE3-2413-41D2-80F8-C693F17141F9		0.999691	-0.011968	0.021775	0.014062	0.995019	-0.098694	-0.020485	0.098969	0.994880	0.049480	0.010579	0.006516	0.998698	0.020588	0.099132	0.012027	0.011599	0.002946	0.033782	0.020485	-0.098969	-0.994880	-0.001488	-0.002410	-0.009576	0.000000	0.000000	0.000000	-1.000000	61686.062951		
2013092222573684200	CMGyro	2013-09-22 22:57:36.842	R	22A7CFE3-2413-41D2-80F8-C693F17141F9		0.130151	-0.040396	0.073436	61686.078581		
2013092222573686000	CMDevMotMag	2013-09-22 22:57:36.860	R	22A7CFE3-2413-41D2-80F8-C693F17141F9		-129.494232	117.311844	-231.998535	0.000000	61686.093875		
2013092222573687400	CMDevMot	2013-09-22 22:57:36.873	R	22A7CFE3-2413-41D2-80F8-C693F17141F9		0.999687	-0.013359	0.021163	0.015400	0.994927	-0.099415	-0.019728	0.099710	0.994821	0.049847	0.010236	0.007199	0.998678	0.019828	0.099876	0.013427	0.017897	-0.040380	0.053488	0.019728	-0.099710	-0.994821	0.003100	-0.006537	0.006601	0.000000	0.000000	0.000000	-1.000000	61686.094210		
2013092222573687400	CMGyro	2013-09-22 22:57:36.874	R	22A7CFE3-2413-41D2-80F8-C693F17141F9		0.132111	-0.054960	0.085493	61686.109839		
2013092222573689900	CMDevMotMag	2013-09-22 22:57:36.899	R	22A7CFE3-2413-41D2-80F8-C693F17141F9		-130.166931	117.647018	-231.998535	0.000000	61686.132684		
2013092222573690500	CMDevMot	2013-09-22 22:57:36.904	R	22A7CFE3-2413-41D2-80F8-C693F17141F9		0.999685	-0.015162	0.019976	0.017092	0.994814	-0.100266	-0.018352	0.100576	0.994760	0.050278	0.009595	0.008074	0.998657	0.018446	0.100746	0.015240	0.021524	-0.027435	0.056841	0.018352	-0.100576	-0.994760	-0.005214	-0.008005	0.000070	0.000000	0.000000	0.000000	-1.000000	61686.125469		
2013092222573690500	CMGyro	2013-09-22 22:57:36.905	R	22A7CFE3-2413-41D2-80F8-C693F17141F9		0.154947	-0.039788	0.083241	61686.141098		
2013092222573693600	CMDevMot	2013-09-22 22:57:36.935	R	22A7CFE3-2413-41D2-80F8-C693F17141F9		0.999676	-0.016877	0.019069	0.018734	0.994627	-0.101811	-0.017248	0.102135	0.994621	0.051057	0.009092	0.008915	0.998615	0.017339	0.102314	0.016967	0.050398	-0.029996	0.045604	0.017248	-0.102135	-0.994621	-0.001363	-0.005516	-0.004631	0.000000	0.000000	0.000000	-1.000000	61686.156727		
2013092222573693600	CMGyro	2013-09-22 22:57:36.936	R	22A7CFE3-2413-41D2-80F8-C693F17141F9		0.165803	-0.050448	0.074206	61686.172357		
2013092222573693700	CMDevMotMag	2013-09-22 22:57:36.937	R	22A7CFE3-2413-41D2-80F8-C693F17141F9		-130.839630	116.976669	-232.654831	0.000000	61686.171480		
2013092222573696700	CMDevMot	2013-09-22 22:57:36.967	R	22A7CFE3-2413-41D2-80F8-C693F17141F9		0.999665	-0.018442	0.018145	0.020229	0.994394	-0.103781	-0.016129	0.104113	0.994435	0.052048	0.008581	0.009682	0.998561	0.016218	0.104302	0.018544	0.059731	-0.027969	0.055130	0.016129	-0.104113	-0.994435	-0.002442	-0.000745	0.003743	0.000000	0.000000	0.000000	-1.000000	61686.187986		
2013092222573696800	CMGyro	2013-09-22 22:57:36.967	R	22A7CFE3-2413-41D2-80F8-C693F17141F9		0.166132	-0.033644	0.066850	61686.203616		
2013092222573697600	CMDevMotMag	2013-09-22 22:57:36.976	R	22A7CFE3-2413-41D2-80F8-C693F17141F9		-130.839630	118.317368	-231.670395	0.000000	61686.210250		
2013092222573699900	CMDevMot	2013-09-22 22:57:36.998	R	22A7CFE3-2413-41D2-80F8-C693F17141F9		0.999653	-0.019766	0.017394	0.021494	0.994187	-0.105502	-0.015208	0.105840	0.994267	0.052914	0.008163	0.010330	0.998512	0.015294	0.106038	0.019879	0.043583	-0.017833	0.037042	0.015208	-0.105840	-0.994267	-0.000132	-0.002757	-0.002010	0.000000	0.000000	0.000000	-1.000000	61686.219245		
2013092222573700000	CMGyro	2013-09-22 22:57:36.999	R	22A7CFE3-2413-41D2-80F8-C693F17141F9		0.172096	-0.036087	0.065817	61686.234874		
2013092222573701500	CMDevMotMag	2013-09-22 22:57:37.015	R	22A7CFE3-2413-41D2-80F8-C693F17141F9		-131.512329	117.311844	-232.982971	0.000000	61686.249101		
2013092222573703000	CMDevMot	2013-09-22 22:57:37.029	R	22A7CFE3-2413-41D2-80F8-C693F17141F9		0.999634	-0.021020	0.017053	0.022730	0.993977	-0.107208	-0.014697	0.107557	0.994090	0.053774	0.007950	0.010955	0.998461	0.014783	0.107765	0.021145	0.063855	-0.006318	0.040694	0.014697	-0.107557	-0.994090	0.002301	0.004728	0.005092	0.000000	0.000000	0.000000	-1.000000	61686.250504		
2013092222573703000	CMGyro	2013-09-22 22:57:37.030	R	22A7CFE3-2413-41D2-80F8-C693F17141F9		0.171121	-0.015824	0.064257	61686.266133		
2013092222573705400	CMDevMotMag	2013-09-22 22:57:37.054	R	22A7CFE3-2413-41D2-80F8-C693F17141F9		-130.839630	117.647018	-231.998535	0.000000	61686.287913		
2013092222573706100	CMDevMot	2013-09-22 22:57:37.060	R	22A7CFE3-2413-41D2-80F8-C693F17141F9		0.999602	-0.022100	0.017531	0.023882	0.993759	-0.108966	-0.015013	0.109341	0.993891	0.054664	0.008149	0.011514	0.998405	0.015104	0.109560	0.022235	0.048817	0.020271	0.031731	0.015013	-0.109341	-0.993891	0.000536	-0.000278	0.011027	0.000000	0.000000	0.000000	-1.000000	61686.281762		
2013092222573706100	CMGyro	2013-09-22 22:57:37.061	R	22A7CFE3-2413-41D2-80F8-C693F17141F9		0.151451	-0.005569	0.043755	61686.297392		
2013092222573709300	CMDevMot	2013-09-22 22:57:37.093	R	22A7CFE3-2413-41D2-80F8-C693F17141F9		0.999576	-0.022673	0.018284	0.024551	0.993622	-0.110056	-0.015672	0.110459	0.993757	0.055219	0.008503	0.011825	0.998368	0.015769	0.110684	0.022815	0.061918	-0.003486	0.022968	0.015672	-0.110459	-0.993757	0.010467	0.008911	-0.007341	0.000000	0.000000	0.000000	-1.000000	61686.313021		
2013092222573709400	CMGyro	2013-09-22 22:57:37.094	R	22A7CFE3-2413-41D2-80F8-C693F17141F9		0.153184	-0.032129	0.060729	61686.328650		
2013092222573709400	CMDevMotMag	2013-09-22 22:57:37.094	R	22A7CFE3-2413-41D2-80F8-C693F17141F9		-131.848679	116.976669	-231.998535	0.000000	61686.326732		
2013092222573712300	CMDevMot	2013-09-22 22:57:37.123	R	22A7CFE3-2413-41D2-80F8-C693F17141F9		0.999553	-0.023672	0.018259	0.025560	0.993464	-0.111244	-0.015507	0.111661	0.993625	0.055820	0.008456	0.012328	0.998329	0.015605	0.111895	0.023823	0.028102	-0.013974	0.036712	0.015507	-0.111661	-0.993625	0.003948	0.002439	0.008304	0.000000	0.000000	0.000000	-1.000000	61686.344280		
2013092222573712400	CMGyro	2013-09-22 22:57:37.124	R	22A7CFE3-2413-41D2-80F8-C693F17141F9		0.129420	-0.028177	0.059090	61686.359909		
2013092222573713200	CMDevMotMag	2013-09-22 22:57:37.131	R	22A7CFE3-2413-41D2-80F8-C693F17141F9		-129.326065	116.809082	-231.834473	0.000000	61686.365558		
2013092222573715500	CMDevMot	2013-09-22 22:57:37.154	R	22A7CFE3-2413-41D2-80F8-C693F17141F9		0.999529	-0.024792	0.018071	0.026654	0.993424	-0.111348	-0.015192	0.111777	0.993617	0.055875	0.008330	0.012883	0.998320	0.015288	0.112011	0.024951	0.010365	0.008834	0.038359	0.015192	-0.111777	-0.993617	-0.004129	0.005805	0.003322	0.000000	0.000000	0.000000	-1.000000	61686.375538		
2013092222573715500	CMGyro	2013-09-22 22:57:37.155	R	22A7CFE3-2413-41D2-80F8-C693F17141F9		0.137839	-0.016435	0.060192	61686.391168		
2013092222573717100	CMDevMotMag	2013-09-22 22:57:37.171	R	22A7CFE3-2413-41D2-80F8-C693F17141F9		-131.680511	117.814606	-230.521896	0.000000	61686.404016		
2013092222573718600	CMDevMot	2013-09-22 22:57:37.186	R	22A7CFE3-2413-41D2-80F8-C693F17141F9		0.999505	-0.025794	0.017989	0.027649	0.993335	-0.111894	-0.014983	0.112336	0.993557	0.056153	0.008257	0.013384	0.998298	0.015079	0.112574	0.025962	0.024694	-0.001969	0.032912	0.014983	-0.112336	-0.993557	0.000658	0.005723	0.015362	0.000000	0.000000	0.000000	-1.000000	61686.406797		
2013092222573718600	CMGyro	2013-09-22 22:57:37.186	R	22A7CFE3-2413-41D2-80F8-C693F17141F9		0.149687	-0.023750	0.060520	61686.422426		
2013092222573720900	CMDevMotMag	2013-09-22 22:57:37.209	R	22A7CFE3-2413-41D2-80F8-C693F17141F9		-130.671463	116.809082	-231.834473	0.000000	61686.442887		
2013092222573721700	CMDevMot	2013-09-22 22:57:37.217	R	22A7CFE3-2413-41D2-80F8-C693F17141F9		0.999479	-0.026836	0.017929	0.028686	0.993244	-0.112444	-0.014790	0.112900	0.993496	0.056433	0.008194	0.013904	0.998276	0.014886	0.113141	0.027012	0.051514	0.020605	0.015305	0.014790	-0.112900	-0.993496	-0.011723	0.011872	-0.011005	0.000000	0.000000	0.000000	-1.000000	61686.438056		
2013092222573721800	CMGyro	2013-09-22 22:57:37.217	R	22A7CFE3-2413-41D2-80F8-C693F17141F9		0.168517	0.020473	0.037683	61686.453685		
2013092222573724900	CMDevMotMag	2013-09-22 22:57:37.248	R	22A7CFE3-2413-41D2-80F8-C693F17141F9		-131.007812	117.479431	-231.506317	0.000000	61686.481713		
2013092222573724900	CMDevMot	2013-09-22 22:57:37.249	R	22A7CFE3-2413-41D2-80F8-C693F17141F9		0.999445	-0.027371	0.019010	0.029350	0.993147	-0.113125	-0.015783	0.113620	0.993399	0.056786	0.008714	0.014205	0.998247	0.015887	0.113866	0.027553	0.006100	0.049484	0.029322	0.015783	-0.113620	-0.993399	0.002283	0.009540	0.012259	0.000000	0.000000	0.000000	-1.000000	61686.469314		
2013092222573725000	CMGyro	2013-09-22 22:57:37.249	R	22A7CFE3-2413-41D2-80F8-C693F17141F9		0.104033	0.023666	0.043619	61686.484944		
2013092222573728000	CMDevMot	2013-09-22 22:57:37.279	R	22A7CFE3-2413-41D2-80F8-C693F17141F9		0.999409	-0.028060	0.019836	0.030118	0.993195	-0.112500	-0.016545	0.113031	0.993454	0.056481	0.009111	0.014570	0.998256	0.016652	0.113273	0.028245	-0.031639	0.045652	0.011133	0.016545	-0.113031	-0.993454	-0.007481	0.002206	-0.001114	0.000000	0.000000	0.000000	-1.000000	61686.500573		
2013092222573728000	CMGyro	2013-09-22 22:57:37.280	R	22A7CFE3-2413-41D2-80F8-C693F17141F9		0.073377	0.014975	0.026808	61686.516202		
2013092222573728600	CMDevMotMag	2013-09-22 22:57:37.286	R	22A7CFE3-2413-41D2-80F8-C693F17141F9		-131.175980	117.647018	-231.998535	0.000000	61686.520510		
2013092222573731100	CMDevMot	2013-09-22 22:57:37.311	R	22A7CFE3-2413-41D2-80F8-C693F17141F9		0.999394	-0.028184	0.020435	0.030286	0.993343	-0.111143	-0.017167	0.111694	0.993594	0.055805	0.009417	0.014643	0.998290	0.017276	0.111928	0.028366	-0.024448	0.007825	-0.004524	0.017167	-0.111694	-0.993594	-0.003266	0.002975	-0.014279	0.000000	0.000000	0.000000	-1.000000	61686.531832		
2013092222573731200	CMGyro	2013-09-22 22:57:37.311	R	22A7CFE3-2413-41D2-80F8-C693F17141F9		0.119815	-0.016415	0.017558	61686.547461		
2013092222573732600	CMDevMotMag	2013-09-22 22:57:37.325	R	22A7CFE3-2413-41D2-80F8-C693F17141F9		-131.680511	118.149780	-232.162613	0.000000	61686.559318		
2013092222573734200	CMDevMot	2013-09-22 22:57:37.342	R	22A7CFE3-2413-41D2-80F8-C693F17141F9		0.999414	-0.027907	0.019844	0.029943	0.993360	-0.111084	-0.016612	0.111613	0.993613	0.055769	0.009130	0.014487	0.998297	0.016718	0.111846	0.028086	0.034080	-0.010616	-0.017335	0.016612	-0.111613	-0.993613	-0.009853	0.009119	-0.012933	0.000000	0.000000	0.000000	-1.000000	61686.563091		
2013092222573734300	CMGyro	2013-09-22 22:57:37.343	R	22A7CFE3-2413-41D2-80F8-C693F17141F9		0.154524	-0.021512	0.009991	61686.578720		
2013092222573736400	CMDevMotMag	2013-09-22 22:57:37.364	R	22A7CFE3-2413-41D2-80F8-C693F17141F9		-131.175980	116.976669	-231.670395	0.000000	61686.598223		
2013092222573737400	CMDevMot	2013-09-22 22:57:37.373	R	22A7CFE3-2413-41D2-80F8-C693F17141F9		0.999442	-0.027389	0.019126	0.029361	0.993292	-0.111841	-0.015934	0.112340	0.993542	0.056142	0.008780	0.014212	0.998283	0.016036	0.112578	0.027567	0.018930	0.006396	-0.026121	0.015934	-0.112340	-0.993542	-0.012913	0.002217	0.020626	0.000000	0.000000	0.000000	-1.000000	61686.594349		
2013092222573737400	CMGyro	2013-09-22 22:57:37.374	R	22A7CFE3-2413-41D2-80F8-C693F17141F9		0.113207	0.007761	0.004075	61686.609979		
2013092222573740400	CMDevMotMag	2013-09-22 22:57:37.403	R	22A7CFE3-2413-41D2-80F8-C693F17141F9		-130.335114	115.803543	-231.506317	0.000000	61686.637056		
2013092222573740500	CMDevMot	2013-09-22 22:57:37.404	R	22A7CFE3-2413-41D2-80F8-C693F17141F9		0.999464	-0.026478	0.019263	0.028463	0.993369	-0.111389	-0.016186	0.111877	0.993590	0.055912	0.008877	0.013758	0.998301	0.016289	0.112112	0.026648	-0.030544	0.034743	-0.040383	0.016186	-0.111877	-0.993590	-0.010449	0.007355	0.013152	0.000000	0.000000	0.000000	-1.000000	61686.625608		
2013092222573740500	CMGyro	2013-09-22 22:57:37.405	R	22A7CFE3-2413-41D2-80F8-C693F17141F9		0.078183	0.007750	-0.025901	61686.641237		
2013092222573743600	CMDevMot	2013-09-22 22:57:37.435	R	22A7CFE3-2413-41D2-80F8-C693F17141F9		0.999494	-0.025001	0.019665	0.027022	0.993527	-0.110336	-0.016779	0.110812	0.993700	0.055379	0.009126	0.013027	0.998339	0.016884	0.111040	0.025158	-0.009294	0.002399	-0.044148	0.016779	-0.110812	-0.993700	-0.000666	0.002978	-0.016218	0.000000	0.000000	0.000000	-1.000000	61686.656867		
2013092222573743600	CMGyro	2013-09-22 22:57:37.436	R	22A7CFE3-2413-41D2-80F8-C693F17141F9		0.120715	-0.034496	-0.025610	61686.672496		
2013092222573744200	CMDevMotMag	2013-09-22 22:57:37.441	R	22A7CFE3-2413-41D2-80F8-C693F17141F9		-130.839630	117.647018	-231.998535	0.000000	61686.675838		
2013092222573746800	CMDevMot	2013-09-22 22:57:37.467	R	22A7CFE3-2413-41D2-80F8-C693F17141F9		0.999540	-0.023599	0.019044	0.025563	0.993545	-0.110520	-0.016313	0.110956	0.993691	0.055461	0.008854	0.012311	0.998346	0.016415	0.111185	0.023747	-0.002551	-0.026387	-0.037634	0.016313	-0.110956	-0.993691	0.003950	-0.004522	-0.001197	0.000000	0.000000	0.000000	-1.000000	61686.688125		
2013092222573746800	CMGyro	2013-09-22 22:57:37.468	R	22A7CFE3-2413-41D2-80F8-C693F17141F9		0.128637	-0.026732	-0.005628	61686.703755		
2013092222573748100	CMDevMotMag	2013-09-22 22:57:37.481	R	22A7CFE3-2413-41D2-80F8-C693F17141F9		-130.335114	116.473892	-231.506317	0.000000	61686.714698		
2013092222573749800	CMDevMot	2013-09-22 22:57:37.498	R	22A7CFE3-2413-41D2-80F8-C693F17141F9		0.999569	-0.022593	0.018734	0.024536	0.993518	-0.110992	-0.016104	0.111404	0.993645	0.055691	0.008724	0.011802	0.998340	0.016206	0.111636	0.022736	0.033019	-0.014091	-0.025512	0.016104	-0.111404	-0.993645	0.003930	-0.001893	-0.014870	0.000000	0.000000	0.000000	-1.000000	61686.719384		
2013092222573749900	CMGyro	2013-09-22 22:57:37.499	R	22A7CFE3-2413-41D2-80F8-C693F17141F9		0.156879	-0.036907	0.005605	61686.735014		
2013092222573751900	CMDevMotMag	2013-09-22 22:57:37.519	R	22A7CFE3-2413-41D2-80F8-C693F17141F9		-128.989716	118.484955	-232.162613	0.000000	61686.753492		
2013092222573753000	CMDevMot	2013-09-22 22:57:37.529	R	22A7CFE3-2413-41D2-80F8-C693F17141F9		0.999589	-0.021939	0.018457	0.023886	0.993317	-0.112923	-0.015856	0.113317	0.993432	0.056657	0.008593	0.011476	0.998291	0.015960	0.113561	0.022083	0.054212	-0.017011	-0.014527	0.015856	-0.113317	-0.993432	0.001050	-0.008601	-0.008063	0.000000	0.000000	0.000000	-1.000000	61686.750643		
2013092222573753000	CMGyro	2013-09-22 22:57:37.530	R	22A7CFE3-2413-41D2-80F8-C693F17141F9		0.165994	-0.053931	0.016648	61686.766272		
2013092222573755800	CMDevMotMag	2013-09-22 22:57:37.558	R	22A7CFE3-2413-41D2-80F8-C693F17141F9		-130.503281	115.300781	-231.670395	0.000000	61686.792406		
2013092222573756100	CMDevMot	2013-09-22 22:57:37.561	R	22A7CFE3-2413-41D2-80F8-C693F17141F9		0.999610	-0.021529	0.017813	0.023439	0.993078	-0.115092	-0.015212	0.115464	0.993195	0.057741	0.008271	0.011262	0.998234	0.015315	0.115722	0.021675	0.051581	-0.051405	-0.015125	0.015212	-0.115464	-0.993195	0.003449	-0.009063	-0.009231	0.000000	0.000000	0.000000	-1.000000	61686.781902		
2013092222573756100	CMGyro	2013-09-22 22:57:37.561	R	22A7CFE3-2413-41D2-80F8-C693F17141F9		0.161753	-0.043961	-0.001242	61686.797531		
2013092222573759200	CMDevMot	2013-09-22 22:57:37.592	R	22A7CFE3-2413-41D2-80F8-C693F17141F9		0.999631	-0.020771	0.017478	0.022674	0.992890	-0.116855	-0.014927	0.117208	0.992995	0.058622	0.008116	0.010881	0.998188	0.015031	0.117478	0.020917	0.051052	0.009359	-0.019765	0.014927	-0.117208	-0.992995	0.008435	0.000311	-0.010621	0.000000	0.000000	0.000000	-1.000000	61686.813160		
2013092222573759300	CMGyro	2013-09-22 22:57:37.593	R	22A7CFE3-2413-41D2-80F8-C693F17141F9		0.175778	-0.026720	0.016316	61686.828790		
2013092222573759700	CMDevMotMag	2013-09-22 22:57:37.597	R	22A7CFE3-2413-41D2-80F8-C693F17141F9		-129.662415	116.809082	-230.193741	0.000000	61686.831349		
2013092222573762400	CMDevMot	2013-09-22 22:57:37.624	R	22A7CFE3-2413-41D2-80F8-C693F17141F9		0.999632	-0.020515	0.017767	0.022488	0.992627	-0.119103	-0.015192	0.119459	0.992723	0.059753	0.008255	0.010771	0.998121	0.015302	0.119745	0.020665	0.076714	-0.009152	-0.003710	0.015192	-0.119459	-0.992723	0.005728	-0.000231	-0.006804	0.000000	0.000000	0.000000	-1.000000	61686.844419		
2013092222573762500	CMGyro	2013-09-22 22:57:37.624	R	22A7CFE3-2413-41D2-80F8-C693F17141F9		0.202955	-0.045024	0.019447	61686.860049		
2013092222573763600	CMDevMotMag	2013-09-22 22:57:37.636	R	22A7CFE3-2413-41D2-80F8-C693F17141F9		-129.998764	116.138718	-232.162613	0.000000	61686.870107		
