2013100622484702800	Event	Test Begin	Default Test	2013-10-06 22:48:47.016	R	2D19B442-830F-47C2-B65E-ABED2A9906EC	ApioTest version 1.07		
2013100622484702800	Config	Local Default		DevMotRate	32.0	MagnetometerRate	32.0	LocDistanceFilter	20	AccelerometerRate	32.0	GyroRate	32.0		
2013100622484702800	Customer	2D19B442-830F-47C2-B65E-ABED2A9906EC	Casey	Powell	6122750516	powell@augsburg.edu		
2013100622484702800	Vehicle	Oldsmobile	Alero	2002	gold	Stae Farm 		
2013100622484702800	Event	Text	Default Test	2013-10-06 22:48:47.015	R	2D19B442-830F-47C2-B65E-ABED2A9906EC	Driver		
2013100622484729800	Event	Bluetooth	Default Test	2013-10-06 22:48:47.298	R	2D19B442-830F-47C2-B65E-ABED2A9906EC	Bluetooth is currently powered on and available to use.		
2013100622484730400	Location	2013-10-06 22:48:47.304	R	2D19B442-830F-47C2-B65E-ABED2A9906EC		44.757264	-93.312457	285.699001	5.000000	3.000000	0.150000	156.796875	20131006224847051		
2013100622484731500	CMDevMotMag	2013-10-06 22:48:47.315	R	2D19B442-830F-47C2-B65E-ABED2A9906EC		-146.992569	-20.462189	-243.770752	0.000000	148775.750388		
2013100622484735400	CMDevMotMag	2013-10-06 22:48:47.354	R	2D19B442-830F-47C2-B65E-ABED2A9906EC		-148.177994	-20.973755	-244.268234	0.000000	148775.789147		
2013100622484739200	CMDevMotMag	2013-10-06 22:48:47.392	R	2D19B442-830F-47C2-B65E-ABED2A9906EC		-148.347336	-20.121155	-243.770752	0.000000	148775.827754		
2013100622484743200	CMDevMotMag	2013-10-06 22:48:47.431	R	2D19B442-830F-47C2-B65E-ABED2A9906EC		-147.161926	-19.268570	-243.273254	0.000000	148775.866665		
2013100622484747000	CMDevMotMag	2013-10-06 22:48:47.470	R	2D19B442-830F-47C2-B65E-ABED2A9906EC		-148.177994	-20.632706	-242.941589	0.000000	148775.905580		
2013100622484750900	CMDevMotMag	2013-10-06 22:48:47.509	R	2D19B442-830F-47C2-B65E-ABED2A9906EC		-149.194077	-21.314789	-243.604919	0.000000	148775.944417		
2013100622484754800	CMDevMotMag	2013-10-06 22:48:47.548	R	2D19B442-830F-47C2-B65E-ABED2A9906EC		-147.500610	-20.632706	-243.273254	0.000000	148775.983302		
2013100622484758700	CMDevMotMag	2013-10-06 22:48:47.587	R	2D19B442-830F-47C2-B65E-ABED2A9906EC		-146.823227	-22.678925	-244.268234	0.000000	148776.022191		
2013100622484762600	CMDevMotMag	2013-10-06 22:48:47.626	R	2D19B442-830F-47C2-B65E-ABED2A9906EC		-148.008652	-23.190491	-244.434067	0.000000	148776.061109		
2013100622484764700	CMGyro	2013-10-06 22:48:47.646	R	2D19B442-830F-47C2-B65E-ABED2A9906EC		-0.024287	-0.190170	0.544275	148776.077934		
2013100622484766100	CMDevMot	2013-10-06 22:48:47.661	R	2D19B442-830F-47C2-B65E-ABED2A9906EC		0.990965	-0.000384	0.134122	0.005242	0.999343	-0.035873	-0.134020	0.036252	0.990315	0.018075	0.067199	0.001410	0.997575	0.134514	0.036260	0.000384	0.014862	-0.220941	0.542367	0.134020	-0.036252	-0.990315	-0.018526	-0.318027	0.176778	0.000000	0.000000	0.000000	-1.000000	148776.077934		
2013100622484766500	CMDevMotMag	2013-10-06 22:48:47.665	R	2D19B442-830F-47C2-B65E-ABED2A9906EC		-147.500610	-22.678925	-243.604919	0.000000	148776.099957		
2013100622484767700	CMGyro	2013-10-06 22:48:47.677	R	2D19B442-830F-47C2-B65E-ABED2A9906EC		-1.008983	-0.299918	1.047880	148776.109492		
2013100622484769300	CMDevMot	2013-10-06 22:48:47.693	R	2D19B442-830F-47C2-B65E-ABED2A9906EC		0.992441	-0.025659	0.120008	0.027940	0.999459	-0.017364	-0.119498	0.020586	0.992621	0.009506	0.059993	0.013426	0.998063	0.119809	0.020587	0.025667	-0.969835	-0.330688	1.045972	0.119498	-0.020586	-0.992621	0.050470	-0.291899	0.284812	0.000000	0.000000	0.000000	-1.000000	148776.109492		
2013100622484770400	CMDevMotMag	2013-10-06 22:48:47.703	R	2D19B442-830F-47C2-B65E-ABED2A9906EC		-146.484528	-21.996857	-243.604919	0.000000	148776.138756		
2013100622484770900	CMGyro	2013-10-06 22:48:47.708	R	2D19B442-830F-47C2-B65E-ABED2A9906EC		-1.282051	0.847885	2.241113	148776.141049		
2013100622484772500	CMDevMot	2013-10-06 22:48:47.724	R	2D19B442-830F-47C2-B65E-ABED2A9906EC		0.988114	-0.084899	0.128150	0.083028	0.996349	0.019880	-0.129370	-0.009003	0.991556	-0.007243	0.064574	0.042108	0.996998	0.129739	-0.009004	0.085005	-1.242903	0.817116	2.239205	0.129370	0.009003	-0.991556	0.009684	-0.227479	0.153131	0.000000	0.000000	0.000000	-1.000000	148776.141049		
2013100622484774000	CMGyro	2013-10-06 22:48:47.740	R	2D19B442-830F-47C2-B65E-ABED2A9906EC		-0.840321	0.528236	2.144532	148776.172607		
2013100622484774200	CMDevMotMag	2013-10-06 22:48:47.742	R	2D19B442-830F-47C2-B65E-ABED2A9906EC		-144.960419	-18.757019	-242.112442	0.000000	148776.177627		
2013100622484775600	CMDevMot	2013-10-06 22:48:47.756	R	2D19B442-830F-47C2-B65E-ABED2A9906EC		0.974869	-0.164225	0.150535	0.157363	0.985923	0.056497	-0.157695	-0.031389	0.986989	-0.022116	0.077565	0.080927	0.993451	0.158434	-0.031394	0.165054	-0.801174	0.497467	2.142623	0.157695	0.031389	-0.986989	-0.242976	-0.188646	-0.427577	0.000000	0.000000	0.000000	-1.000000	148776.172607		
2013100622484777200	CMGyro	2013-10-06 22:48:47.772	R	2D19B442-830F-47C2-B65E-ABED2A9906EC		0.070156	-0.126565	0.235366	148776.204164		
2013100622484778200	CMDevMotMag	2013-10-06 22:48:47.781	R	2D19B442-830F-47C2-B65E-ABED2A9906EC		-143.436295	-19.268570	-241.946609	0.000000	148776.216460		
2013100622484778800	CMDevMot	2013-10-06 22:48:47.787	R	2D19B442-830F-47C2-B65E-ABED2A9906EC		0.969029	-0.196870	0.149078	0.189108	0.979822	0.064705	-0.158808	-0.034510	0.986706	-0.025006	0.077599	0.097281	0.991912	0.159579	-0.034516	0.198284	0.109304	-0.157334	0.233458	0.158808	0.034510	-0.986706	-0.439097	-0.119883	-0.524616	0.000000	0.000000	0.000000	-1.000000	148776.204164		
2013100622484780300	CMGyro	2013-10-06 22:48:47.803	R	2D19B442-830F-47C2-B65E-ABED2A9906EC		0.772655	-0.910715	-0.782754	148776.235722		
2013100622484782000	CMDevMot	2013-10-06 22:48:47.819	R	2D19B442-830F-47C2-B65E-ABED2A9906EC		0.974579	-0.180939	0.132124	0.176727	0.983318	0.043041	-0.137708	-0.018597	0.990298	-0.015510	0.067899	0.090001	0.993503	0.138171	-0.018598	0.181973	0.811802	-0.941484	-0.784662	0.137708	0.018597	-0.990298	-0.282376	-0.075039	-0.410352	0.000000	0.000000	0.000000	-1.000000	148776.235722		
2013100622484782000	CMDevMotMag	2013-10-06 22:48:47.820	R	2D19B442-830F-47C2-B65E-ABED2A9906EC		-147.500610	-21.314789	-242.278275	0.000000	148776.255263		
2013100622484783500	CMGyro	2013-10-06 22:48:47.834	R	2D19B442-830F-47C2-B65E-ABED2A9906EC		0.574830	-0.530170	-0.518519	148776.267279		
2013100622484785100	CMDevMot	2013-10-06 22:48:47.850	R	2D19B442-830F-47C2-B65E-ABED2A9906EC		0.981574	-0.155259	0.111390	0.154529	0.987871	0.015211	-0.112401	0.002282	0.993660	-0.003247	0.056208	0.077807	0.995377	0.112639	0.002282	0.155890	0.613977	-0.560939	-0.520427	0.112401	-0.002282	-0.993660	-0.240651	-0.107124	-0.155494	0.000000	0.000000	0.000000	-1.000000	148776.267279		
2013100622484785800	CMDevMotMag	2013-10-06 22:48:47.858	R	2D19B442-830F-47C2-B65E-ABED2A9906EC		-146.145844	-21.996857	-245.263214	0.000000	148776.294076		
2013100622484786600	CMGyro	2013-10-06 22:48:47.866	R	2D19B442-830F-47C2-B65E-ABED2A9906EC		0.217632	0.083932	-0.081278	148776.298837		
2013100622484788200	CMDevMot	2013-10-06 22:48:47.882	R	2D19B442-830F-47C2-B65E-ABED2A9906EC		0.983101	-0.147968	0.107788	0.148578	0.988898	0.002403	-0.106947	0.013653	0.994171	0.002824	0.053912	0.074452	0.995762	0.107162	0.013653	0.148528	0.256779	0.053163	-0.083185	0.106947	-0.013653	-0.994171	-0.320158	-0.068028	-0.074753	0.000000	0.000000	0.000000	-1.000000	148776.298837		
2013100622484789800	CMDevMotMag	2013-10-06 22:48:47.898	R	2D19B442-830F-47C2-B65E-ABED2A9906EC		-145.637802	-21.485306	-243.107422	0.000000	148776.332646		
2013100622484789800	CMGyro	2013-10-06 22:48:47.898	R	2D19B442-830F-47C2-B65E-ABED2A9906EC		0.071099	0.037298	-0.596336	148776.330394		
2013100622484791400	CMDevMot	2013-10-06 22:48:47.914	R	2D19B442-830F-47C2-B65E-ABED2A9906EC		0.984196	-0.137785	0.111238	0.138874	0.990308	-0.002065	-0.109875	0.017480	0.993792	0.004906	0.055499	0.069441	0.996029	0.110115	0.017481	0.138246	0.110245	0.006530	-0.598244	0.109875	-0.017480	-0.993792	-0.379819	-0.014441	-0.136152	0.000000	0.000000	0.000000	-1.000000	148776.330394		
2013100622484793000	CMGyro	2013-10-06 22:48:47.929	R	2D19B442-830F-47C2-B65E-ABED2A9906EC		-0.063017	-0.380506	-1.268832	148776.361952		
2013100622484793600	CMDevMotMag	2013-10-06 22:48:47.936	R	2D19B442-830F-47C2-B65E-ABED2A9906EC		-148.177994	-20.632706	-243.273254	0.000000	148776.371502		
2013100622484794600	CMDevMot	2013-10-06 22:48:47.945	R	2D19B442-830F-47C2-B65E-ABED2A9906EC		0.988969	-0.105051	0.104425	0.106028	0.994356	-0.003829	-0.103433	0.014858	0.994525	0.004685	0.052109	0.052916	0.997227	0.103630	0.014859	0.105257	-0.023871	-0.411275	-1.270740	0.103433	-0.014858	-0.994525	-0.190408	0.044949	-0.103268	0.000000	0.000000	0.000000	-1.000000	148776.361952		
2013100622484796100	CMGyro	2013-10-06 22:48:47.961	R	2D19B442-830F-47C2-B65E-ABED2A9906EC		-0.105338	-0.543751	-0.895106	148776.393509		
2013100622484797500	CMDevMotMag	2013-10-06 22:48:47.975	R	2D19B442-830F-47C2-B65E-ABED2A9906EC		-150.718185	-22.508408	-242.775757	0.000000	148776.410326		
2013100622484797700	CMDevMot	2013-10-06 22:48:47.976	R	2D19B442-830F-47C2-B65E-ABED2A9906EC		0.993687	-0.069676	0.087929	0.070201	0.997529	-0.002886	-0.087511	0.009041	0.996123	0.002986	0.043930	0.035025	0.998416	0.087627	0.009041	0.069736	-0.066192	-0.574519	-0.897014	0.087511	-0.009041	-0.996123	-0.070757	0.004143	0.072401	0.000000	0.000000	0.000000	-1.000000	148776.393509		
2013100622484799200	CMGyro	2013-10-06 22:48:47.992	R	2D19B442-830F-47C2-B65E-ABED2A9906EC		0.160837	-0.358215	-0.429279	148776.425067		
2013100622484800900	CMDevMot	2013-10-06 22:48:48.008	R	2D19B442-830F-47C2-B65E-ABED2A9906EC		0.996089	-0.051312	0.071928	0.051900	0.998632	-0.006323	-0.071505	0.010032	0.997390	0.004093	0.035894	0.025828	0.999013	0.071570	0.010032	0.051337	0.199982	-0.388983	-0.431187	0.071505	-0.010032	-0.997390	-0.130038	-0.080483	0.245345	0.000000	0.000000	0.000000	-1.000000	148776.425067		
2013100622484801400	CMDevMotMag	2013-10-06 22:48:48.014	R	2D19B442-830F-47C2-B65E-ABED2A9906EC		-150.548843	-20.973755	-242.278275	0.000000	148776.449148		
2013100622484802400	CMGyro	2013-10-06 22:48:48.024	R	2D19B442-830F-47C2-B65E-ABED2A9906EC		0.324782	0.078256	-0.572082	148776.456625		
2013100622484804000	CMDevMot	2013-10-06 22:48:48.040	R	2D19B442-830F-47C2-B65E-ABED2A9906EC		0.997081	-0.035161	0.067780	0.036349	0.999205	-0.016369	-0.067151	0.018784	0.997566	0.008795	0.033759	0.017891	0.999231	0.067213	0.018786	0.035175	0.363927	0.047489	-0.573990	0.067151	-0.018784	-0.997566	-0.141446	-0.145995	0.348396	0.000000	0.000000	0.000000	-1.000000	148776.456625		
2013100622484805300	CMDevMotMag	2013-10-06 22:48:48.053	R	2D19B442-830F-47C2-B65E-ABED2A9906EC		-150.548843	-24.043076	-244.268234	0.000000	148776.488023		
2013100622484805800	CMGyro	2013-10-06 22:48:48.057	R	2D19B442-830F-47C2-B65E-ABED2A9906EC		0.265932	0.145139	-0.734583	148776.488182		
2013100622484807200	CMDevMot	2013-10-06 22:48:48.071	R	2D19B442-830F-47C2-B65E-ABED2A9906EC		0.997263	-0.012836	0.072812	0.014835	0.999526	-0.026977	-0.072432	0.027983	0.996981	0.013751	0.036339	0.006923	0.999221	0.072524	0.027987	0.012842	0.305077	0.114371	-0.736491	0.072432	-0.027983	-0.996981	-0.049818	-0.155671	0.387652	0.000000	0.000000	0.000000	-1.000000	148776.488182		
2013100622484808700	CMGyro	2013-10-06 22:48:48.087	R	2D19B442-830F-47C2-B65E-ABED2A9906EC		0.300699	-0.326731	-0.600357	148776.519740		
2013100622484809100	CMDevMotMag	2013-10-06 22:48:48.091	R	2D19B442-830F-47C2-B65E-ABED2A9906EC		-151.056885	-23.531525	-244.434067	0.000000	148776.526988		
2013100622484810300	CMDevMot	2013-10-06 22:48:48.103	R	2D19B442-830F-47C2-B65E-ABED2A9906EC		0.997644	0.008915	0.068020	-0.006420	0.999302	-0.036800	-0.068301	0.036277	0.997005	0.018283	0.034106	-0.003837	0.999244	0.068399	0.036285	-0.008921	0.339844	-0.357499	-0.602264	0.068301	-0.036277	-0.997005	0.047315	-0.165017	0.349056	0.000000	0.000000	0.000000	-1.000000	148776.519740		
2013100622484811900	CMGyro	2013-10-06 22:48:48.118	R	2D19B442-830F-47C2-B65E-ABED2A9906EC		0.356842	-0.248100	-0.591163	148776.551297		
2013100622484813100	CMDevMotMag	2013-10-06 22:48:48.130	R	2D19B442-830F-47C2-B65E-ABED2A9906EC		-151.226227	-23.702042	-244.268234	0.000000	148776.565593		
2013100622484813200	Heading	2013-10-06 22:48:48.132	R	2D19B442-830F-47C2-B65E-ABED2A9906EC		37.579979	38.088741	20.000000	-2.129608	7.627085	-51.569992	20131006224848130		
2013100622484813500	CMDevMot	2013-10-06 22:48:48.134	R	2D19B442-830F-47C2-B65E-ABED2A9906EC		0.998050	0.027870	0.055856	-0.025172	0.998509	-0.048433	-0.057123	0.046932	0.997263	0.023860	0.028267	-0.013271	0.999228	0.057217	0.046949	-0.027904	0.395987	-0.278867	-0.593071	0.057123	-0.046932	-0.997263	-0.001901	-0.206989	0.254115	0.000000	0.000000	0.000000	-1.000000	148776.551297		
2013100622484815000	CMGyro	2013-10-06 22:48:48.150	R	2D19B442-830F-47C2-B65E-ABED2A9906EC		0.412030	0.347924	-0.399892	148776.582855		
2013100622484815800	Heading	2013-10-06 22:48:48.158	R	2D19B442-830F-47C2-B65E-ABED2A9906EC		36.424534	36.933296	20.000000	-2.447144	7.250523	-51.397247	20131006224848156		
2013100622484816700	CMDevMot	2013-10-06 22:48:48.166	R	2D19B442-830F-47C2-B65E-ABED2A9906EC		0.997378	0.044659	0.056939	-0.041100	0.997216	-0.062217	-0.059559	0.059713	0.996437	0.030517	0.029157	-0.021464	0.998878	0.059701	0.059749	-0.044754	0.451174	0.317157	-0.401800	0.059559	-0.059713	-0.996437	0.046337	-0.230265	0.182060	0.000000	0.000000	0.000000	-1.000000	148776.582855		
2013100622484816900	CMDevMotMag	2013-10-06 22:48:48.169	R	2D19B442-830F-47C2-B65E-ABED2A9906EC		-151.226227	-25.407227	-244.599899	0.000000	148776.604355		
2013100622484818200	CMGyro	2013-10-06 22:48:48.182	R	2D19B442-830F-47C2-B65E-ABED2A9906EC		0.305217	0.764070	-0.035169	148776.614413		
2013100622484818300	Heading	2013-10-06 22:48:48.183	R	2D19B442-830F-47C2-B65E-ABED2A9906EC		31.082672	31.591434	20.000000	-2.298965	6.990480	-51.326782	20131006224848182		
2013100622484819800	CMDevMot	2013-10-06 22:48:48.197	R	2D19B442-830F-47C2-B65E-ABED2A9906EC		0.995988	0.051456	0.073208	-0.045902	0.996080	-0.075619	-0.076812	0.071955	0.994446	0.036956	0.037569	-0.024381	0.998313	0.077088	0.072017	-0.051613	0.344362	0.733303	-0.037077	0.076812	-0.071955	-0.994446	0.059815	-0.279211	0.041168	0.000000	0.000000	0.000000	-1.000000	148776.614413		
2013100622484820800	CMDevMotMag	2013-10-06 22:48:48.208	R	2D19B442-830F-47C2-B65E-ABED2A9906EC		-147.839310	-26.089294	-244.268234	0.000000	148776.643159		
2013100622484820900	Heading	2013-10-06 22:48:48.209	R	2D19B442-830F-47C2-B65E-ABED2A9906EC		29.940742	30.449505	20.000000	-1.723190	6.274303	-51.359940	20131006224848208		
2013100622484821300	CMGyro	2013-10-06 22:48:48.213	R	2D19B442-830F-47C2-B65E-ABED2A9906EC		0.251606	2.071801	0.420434	148776.645970		
2013100622484823000	CMDevMot	2013-10-06 22:48:48.229	R	2D19B442-830F-47C2-B65E-ABED2A9906EC		0.991936	0.045016	0.118477	-0.034849	0.995640	-0.086529	-0.121856	0.081703	0.989179	0.042181	0.060259	-0.020025	0.997090	0.122571	0.081794	-0.045183	0.290750	2.041034	0.418526	0.121856	-0.081703	-0.989179	0.058076	-0.316582	-0.060305	0.000000	0.000000	0.000000	-1.000000	148776.645970		
2013100622484824500	CMGyro	2013-10-06 22:48:48.245	R	2D19B442-830F-47C2-B65E-ABED2A9906EC		0.357868	2.660905	0.767739	148776.677528		
2013100622484824700	CMDevMotMag	2013-10-06 22:48:48.247	R	2D19B442-830F-47C2-B65E-ABED2A9906EC		-140.218719	-28.306030	-244.102402	0.000000	148776.681982		
2013100622484826100	CMDevMot	2013-10-06 22:48:48.260	R	2D19B442-830F-47C2-B65E-ABED2A9906EC		0.980038	0.027512	0.196897	-0.008081	0.995073	-0.098815	-0.198645	0.095252	0.975432	0.048819	0.099502	-0.008954	0.993799	0.200901	0.095396	-0.027641	0.397011	2.630139	0.765832	0.198645	-0.095252	-0.975432	0.222131	-0.276041	-0.170290	0.000000	0.000000	0.000000	-1.000000	148776.677528		
2013100622484826200	Heading	2013-10-06 22:48:48.261	R	2D19B442-830F-47C2-B65E-ABED2A9906EC		28.837553	29.346315	20.000000	1.985474	4.688482	-51.243851	20131006224848259		
2013100622484827700	CMGyro	2013-10-06 22:48:48.276	R	2D19B442-830F-47C2-B65E-ABED2A9906EC		1.103013	1.829383	1.226841	148776.709086		
2013100622484828600	CMDevMotMag	2013-10-06 22:48:48.285	R	2D19B442-830F-47C2-B65E-ABED2A9906EC		-138.017227	-31.886917	-241.946609	0.000000	148776.720817		
2013100622484828700	Heading	2013-10-06 22:48:48.286	R	2D19B442-830F-47C2-B65E-ABED2A9906EC		32.123989	32.632751	20.000000	4.779694	3.443701	-50.995087	20131006224848285		
2013100622484829300	CMDevMot	2013-10-06 22:48:48.292	R	2D19B442-830F-47C2-B65E-ABED2A9906EC		0.965071	0.001495	0.261984	0.031712	0.991964	-0.122478	-0.260062	0.126508	0.957269	0.062924	0.131932	0.007637	0.989230	0.265268	0.126848	-0.001507	1.142156	1.798617	1.224933	0.260062	-0.126508	-0.957269	0.369592	-0.111636	-0.380469	0.000000	0.000000	0.000000	-1.000000	148776.709086		
2013100622484830800	CMGyro	2013-10-06 22:48:48.308	R	2D19B442-830F-47C2-B65E-ABED2A9906EC		1.385876	1.899750	1.699761	148776.740643		
2013100622484832400	CMDevMot	2013-10-06 22:48:48.324	R	2D19B442-830F-47C2-B65E-ABED2A9906EC		0.948326	-0.030538	0.315826	0.086249	0.982689	-0.163961	-0.305352	0.182728	0.934543	0.088167	0.157972	0.029700	0.983051	0.315804	0.183761	0.031066	1.425019	1.868984	1.697853	0.305352	-0.182728	-0.934543	0.068504	0.034459	-0.096051	0.000000	0.000000	0.000000	-1.000000	148776.740643		
2013100622484832500	CMDevMotMag	2013-10-06 22:48:48.325	R	2D19B442-830F-47C2-B65E-ABED2A9906EC		-133.444870	-34.785721	-241.449112	0.000000	148776.759721		
2013100622484833900	Heading	2013-10-06 22:48:48.338	R	2D19B442-830F-47C2-B65E-ABED2A9906EC		28.505011	29.013773	20.000000	10.605209	-0.103077	-50.165924	20131006224848337		
2013100622484834000	CMGyro	2013-10-06 22:48:48.339	R	2D19B442-830F-47C2-B65E-ABED2A9906EC		0.257674	1.779658	2.020493	148776.772201		
2013100622484835600	CMDevMot	2013-10-06 22:48:48.356	R	2D19B442-830F-47C2-B65E-ABED2A9906EC		0.924525	-0.078600	0.372927	0.156212	0.970684	-0.182678	-0.347636	0.227146	0.909700	0.105050	0.184701	0.060189	0.975309	0.365019	0.229146	0.080798	0.296817	1.748892	2.018586	0.347636	-0.227146	-0.909700	-0.155345	-0.070339	0.099367	0.000000	0.000000	0.000000	-1.000000	148776.772201		
2013100622484836300	CMDevMotMag	2013-10-06 22:48:48.363	R	2D19B442-830F-47C2-B65E-ABED2A9906EC		-132.259445	-35.979355	-241.614944	0.000000	148776.798540		
2013100622484836500	Heading	2013-10-06 22:48:48.364	R	2D19B442-830F-47C2-B65E-ABED2A9906EC		25.659302	26.168064	20.000000	13.077667	-1.740051	-49.767914	20131006224848363		
2013100622484837100	CMGyro	2013-10-06 22:48:48.371	R	2D19B442-830F-47C2-B65E-ABED2A9906EC		-0.963391	0.725917	1.639044	148776.803759		
2013100622484838700	CMDevMot	2013-10-06 22:48:48.387	R	2D19B442-830F-47C2-B65E-ABED2A9906EC		0.904229	-0.138305	0.404032	0.219480	0.962096	-0.161863	-0.366331	0.235038	0.900310	0.102253	0.198467	0.092175	0.970391	0.386436	0.237257	0.142776	-0.924249	0.695151	1.637136	0.366331	-0.235038	-0.900310	-0.144377	-0.070703	-0.117283	0.000000	0.000000	0.000000	-1.000000	148776.803759		
2013100622484839100	Heading	2013-10-06 22:48:48.390	R	2D19B442-830F-47C2-B65E-ABED2A9906EC		23.127993	23.636755	20.000000	14.838867	-2.933681	-49.369919	20131006224848389		
2013100622484840300	CMDevMotMag	2013-10-06 22:48:48.402	R	2D19B442-830F-47C2-B65E-ABED2A9906EC		-131.582062	-33.251053	-240.951630	0.000000	148776.837435		
2013100622484840300	CMGyro	2013-10-06 22:48:48.403	R	2D19B442-830F-47C2-B65E-ABED2A9906EC		-0.943830	0.153478	1.000570	148776.835316		
2013100622484841700	Heading	2013-10-06 22:48:48.416	R	2D19B442-830F-47C2-B65E-ABED2A9906EC		19.788574	20.297337	20.000000	16.261383	-3.240612	-49.270432	20131006224848415		
2013100622484841900	CMDevMot	2013-10-06 22:48:48.418	R	2D19B442-830F-47C2-B65E-ABED2A9906EC		0.894011	-0.185684	0.407757	0.257220	0.957870	-0.127762	-0.366855	0.219104	0.904108	0.089489	0.199844	0.114266	0.969019	0.385466	0.220896	0.191476	-0.904688	0.122712	0.998662	0.366855	-0.219104	-0.904108	-0.004245	0.096530	-0.401159	0.000000	0.000000	0.000000	-1.000000	148776.835316		
2013100622484843500	CMGyro	2013-10-06 22:48:48.434	R	2D19B442-830F-47C2-B65E-ABED2A9906EC		-0.011223	0.639515	1.666453	148776.866874		
2013100622484844100	CMDevMotMag	2013-10-06 22:48:48.441	R	2D19B442-830F-47C2-B65E-ABED2A9906EC		-128.364487	-35.126755	-241.780777	0.000000	148776.876201		
2013100622484844200	Heading	2013-10-06 22:48:48.442	R	2D19B442-830F-47C2-B65E-ABED2A9906EC		15.337770	15.846533	20.000000	17.565369	-3.496391	-49.054855	20131006224848441		
2013100622484845000	CMDevMot	2013-10-06 22:48:48.450	R	2D19B442-830F-47C2-B65E-ABED2A9906EC		0.881534	-0.226530	0.414225	0.297449	0.947826	-0.114672	-0.366636	0.224298	0.902922	0.087729	0.202095	0.135611	0.965956	0.385716	0.226223	0.234599	0.027919	0.608750	1.664545	0.366636	-0.224298	-0.902922	0.003588	0.124460	-0.197527	0.000000	0.000000	0.000000	-1.000000	148776.866874		
2013100622484846600	CMGyro	2013-10-06 22:48:48.466	R	2D19B442-830F-47C2-B65E-ABED2A9906EC		0.162680	1.329087	2.356292	148776.898432		
2013100622484846800	Heading	2013-10-06 22:48:48.468	R	2D19B442-830F-47C2-B65E-ABED2A9906EC		11.198700	11.707462	20.000000	18.462891	-3.718063	-48.971954	20131006224848467		
2013100622484848000	CMDevMotMag	2013-10-06 22:48:48.480	R	2D19B442-830F-47C2-B65E-ABED2A9906EC		-127.687103	-37.172974	-241.780777	0.000000	148776.915030		
2013100622484848200	CMDevMot	2013-10-06 22:48:48.481	R	2D19B442-830F-47C2-B65E-ABED2A9906EC		0.849838	-0.282337	0.445040	0.364502	0.924757	-0.109371	-0.380674	0.255166	0.888807	0.095229	0.215704	0.168976	0.957001	0.404661	0.258019	0.296321	0.201822	1.298322	2.354385	0.380674	-0.255166	-0.888807	-0.232832	-0.044258	0.231474	0.000000	0.000000	0.000000	-1.000000	148776.898432		
2013100622484849600	Heading	2013-10-06 22:48:48.495	R	2D19B442-830F-47C2-B65E-ABED2A9906EC		8.190811	8.699574	20.000000	19.445099	-4.161415	-48.640289	20131006224848493		
2013100622484849800	CMGyro	2013-10-06 22:48:48.498	R	2D19B442-830F-47C2-B65E-ABED2A9906EC		-0.381060	1.317953	2.253545	148776.929989		
2013100622484851400	CMDevMot	2013-10-06 22:48:48.513	R	2D19B442-830F-47C2-B65E-ABED2A9906EC		0.807611	-0.344751	0.478447	0.435861	0.895452	-0.090498	-0.397227	0.281623	0.873441	0.098384	0.231517	0.206384	0.945582	0.426825	0.285485	0.367510	-0.341918	1.287189	2.251637	0.397227	-0.281623	-0.873441	-0.273295	-0.101845	0.369062	0.000000	0.000000	0.000000	-1.000000	148776.929989		
2013100622484851900	CMDevMotMag	2013-10-06 22:48:48.519	R	2D19B442-830F-47C2-B65E-ABED2A9906EC		-125.485596	-37.684540	-239.956650	0.000000	148776.953888		
2013100622484852000	Heading	2013-10-06 22:48:48.519	R	2D19B442-830F-47C2-B65E-ABED2A9906EC		5.755347	6.264110	20.000000	20.461182	-4.672970	-48.341797	20131006224848518		
2013100622484852900	CMGyro	2013-10-06 22:48:48.529	R	2D19B442-830F-47C2-B65E-ABED2A9906EC		-0.731470	0.682131	1.949604	148776.961547		
2013100622484854500	CMDevMot	2013-10-06 22:48:48.545	R	2D19B442-830F-47C2-B65E-ABED2A9906EC		0.768736	-0.405561	0.494536	0.495746	0.866385	-0.060109	-0.404080	0.291372	0.867076	0.093908	0.240090	0.240809	0.935708	0.436101	0.295661	0.437809	-0.692329	0.651366	1.947696	0.404080	-0.291372	-0.867076	-0.256269	-0.028498	0.251186	0.000000	0.000000	0.000000	-1.000000	148776.961547		
2013100622484854700	Heading	2013-10-06 22:48:48.546	R	2D19B442-830F-47C2-B65E-ABED2A9906EC		2.585880	3.094643	20.000000	21.460320	-5.747234	-47.960373	20131006224848545		
2013100622484855800	CMDevMotMag	2013-10-06 22:48:48.558	R	2D19B442-830F-47C2-B65E-ABED2A9906EC		-125.485596	-39.048676	-239.624985	0.000000	148776.992688		
2013100622484856100	CMGyro	2013-10-06 22:48:48.560	R	2D19B442-830F-47C2-B65E-ABED2A9906EC		-0.550888	0.691699	1.529078	148776.993105		
2013100622484857200	Heading	2013-10-06 22:48:48.571	R	2D19B442-830F-47C2-B65E-ABED2A9906EC		359.270874	359.779633	20.000000	22.290115	-6.616879	-47.512619	20131006224848570		
2013100622484857700	CMDevMot	2013-10-06 22:48:48.576	R	2D19B442-830F-47C2-B65E-ABED2A9906EC		0.735926	-0.455927	0.500543	0.542893	0.839119	-0.033867	-0.404575	0.296665	0.865049	0.089104	0.244000	0.269260	0.927374	0.437467	0.301198	0.497716	-0.511746	0.660935	1.527171	0.404575	-0.296665	-0.865049	-0.345630	0.034122	0.251981	0.000000	0.000000	0.000000	-1.000000	148776.993105		
2013100622484859200	CMGyro	2013-10-06 22:48:48.592	R	2D19B442-830F-47C2-B65E-ABED2A9906EC		-0.331362	0.610377	1.224170	148777.024662		
2013100622484859600	CMDevMotMag	2013-10-06 22:48:48.596	R	2D19B442-830F-47C2-B65E-ABED2A9906EC		-123.792130	-39.730759	-238.298340	0.000000	148777.031589		
2013100622484859800	Heading	2013-10-06 22:48:48.597	R	2D19B442-830F-47C2-B65E-ABED2A9906EC		354.390778	354.899536	20.000000	23.306198	-7.196636	-46.948807	20131006224848596		
2013100622484860800	CMDevMot	2013-10-06 22:48:48.608	R	2D19B442-830F-47C2-B65E-ABED2A9906EC		0.705102	-0.492665	0.510011	0.578592	0.815527	-0.012127	-0.409954	0.303639	0.860082	0.085868	0.250171	0.291313	0.919336	0.444789	0.308510	0.543434	-0.292221	0.579612	1.222262	0.409954	-0.303639	-0.860082	-0.366603	0.024968	0.264181	0.000000	0.000000	0.000000	-1.000000	148777.024662		
2013100622484862400	CMGyro	2013-10-06 22:48:48.623	R	2D19B442-830F-47C2-B65E-ABED2A9906EC		-0.170054	0.526577	1.044874	148777.056220		
2013100622484862400	Heading	2013-10-06 22:48:48.624	R	2D19B442-830F-47C2-B65E-ABED2A9906EC		351.323853	351.832611	20.000000	24.000519	-7.622932	-46.534225	20131006224848622		
2013100622484863500	CMDevMotMag	2013-10-06 22:48:48.635	R	2D19B442-830F-47C2-B65E-ABED2A9906EC		-122.945404	-40.583344	-238.464172	0.000000	148777.070394		
2013100622484864000	CMDevMot	2013-10-06 22:48:48.639	R	2D19B442-830F-47C2-B65E-ABED2A9906EC		0.680046	-0.519698	0.517158	0.606625	0.794987	0.001201	-0.411758	0.312904	0.855889	0.085394	0.254486	0.308568	0.912541	0.448404	0.318249	0.578985	-0.130913	0.495813	1.042967	0.411758	-0.312904	-0.855889	-0.358489	0.027122	0.302285	0.000000	0.000000	0.000000	-1.000000	148777.056220		
2013100622484864900	Heading	2013-10-06 22:48:48.649	R	2D19B442-830F-47C2-B65E-ABED2A9906EC		348.054962	348.563721	20.000000	24.644035	-8.202694	-46.003571	20131006224848648		
2013100622484865500	CMGyro	2013-10-06 22:48:48.655	R	2D19B442-830F-47C2-B65E-ABED2A9906EC		-0.182615	0.582657	1.223046	148777.087778		
2013100622484867100	CMDevMot	2013-10-06 22:48:48.671	R	2D19B442-830F-47C2-B65E-ABED2A9906EC		0.651380	-0.545594	0.527288	0.634371	0.772862	0.016029	-0.416266	0.324055	0.849536	0.085120	0.260743	0.326073	0.904679	0.455610	0.330013	0.614701	-0.143522	0.551948	1.220965	0.416266	-0.324055	-0.849536	-0.229422	-0.017589	0.171237	0.000000	0.000000	0.000000	-1.000000	148777.087778		
2013100622484867400	CMDevMotMag	2013-10-06 22:48:48.674	R	2D19B442-830F-47C2-B65E-ABED2A9906EC		-123.622787	-41.606461	-237.800842	0.000000	148777.109218		
2013100622484867500	Heading	2013-10-06 22:48:48.675	R	2D19B442-830F-47C2-B65E-ABED2A9906EC		345.365906	345.874664	20.000000	25.321426	-8.782459	-45.572418	20131006224848674		
2013100622484868700	CMGyro	2013-10-06 22:48:48.687	R	2D19B442-830F-47C2-B65E-ABED2A9906EC		-0.139147	0.407345	1.234590	148777.119336		
2013100622484870200	Heading	2013-10-06 22:48:48.701	R	2D19B442-830F-47C2-B65E-ABED2A9906EC		342.165527	342.674286	20.000000	26.134293	-9.635052	-45.307083	20131006224848700		
2013100622484870300	CMDevMot	2013-10-06 22:48:48.702	R	2D19B442-830F-47C2-B65E-ABED2A9906EC		0.623138	-0.572359	0.533014	0.664153	0.747149	0.025850	-0.413037	0.337894	0.845712	0.087002	0.263771	0.344755	0.896660	0.454316	0.344679	0.653699	-0.100055	0.376636	1.232509	0.413037	-0.337894	-0.845712	-0.231365	-0.131649	-0.024451	0.000000	0.000000	0.000000	-1.000000	148777.119336		
2013100622484871400	CMDevMotMag	2013-10-06 22:48:48.713	R	2D19B442-830F-47C2-B65E-ABED2A9906EC		-121.082596	-42.800079	-239.293320	0.000000	148777.148133		
2013100622484871800	CMGyro	2013-10-06 22:48:48.718	R	2D19B442-830F-47C2-B65E-ABED2A9906EC		-0.429290	0.674322	0.871381	148777.150893		
2013100622484872700	Heading	2013-10-06 22:48:48.727	R	2D19B442-830F-47C2-B65E-ABED2A9906EC		339.486389	339.995148	20.000000	26.642326	-10.248913	-45.307083	20131006224848725		
2013100622484873400	CMDevMot	2013-10-06 22:48:48.734	R	2D19B442-830F-47C2-B65E-ABED2A9906EC		0.594732	-0.597249	0.538134	0.688359	0.724102	0.042888	-0.415278	0.344922	0.841768	0.084945	0.268143	0.361571	0.888904	0.458306	0.352155	0.689689	-0.390198	0.643614	0.869300	0.415278	-0.344922	-0.841768	-0.108470	-0.146030	-0.071745	0.000000	0.000000	0.000000	-1.000000	148777.150893		
2013100622484875000	CMGyro	2013-10-06 22:48:48.750	R	2D19B442-830F-47C2-B65E-ABED2A9906EC		-1.009443	0.644525	0.297467	148777.182451		
2013100622484875300	CMDevMotMag	2013-10-06 22:48:48.752	R	2D19B442-830F-47C2-B65E-ABED2A9906EC		-120.574554	-40.242310	-236.805862	0.000000	148777.186944		
2013100622484875300	Heading	2013-10-06 22:48:48.753	R	2D19B442-830F-47C2-B65E-ABED2A9906EC		337.294922	337.803680	20.000000	27.150375	-10.351227	-44.875900	20131006224848752		
2013100622484876600	CMDevMot	2013-10-06 22:48:48.766	R	2D19B442-830F-47C2-B65E-ABED2A9906EC		0.572498	-0.618834	0.537858	0.699001	0.711249	0.074311	-0.428537	0.333420	0.839754	0.073305	0.273403	0.372829	0.883671	0.471864	0.339929	0.716029	-0.970351	0.613817	0.295386	0.428537	-0.333420	-0.839754	-0.095163	-0.112534	-0.044828	0.000000	0.000000	0.000000	-1.000000	148777.182451		
2013100622484878200	CMGyro	2013-10-06 22:48:48.782	R	2D19B442-830F-47C2-B65E-ABED2A9906EC		-0.336743	0.193177	-0.600765	148777.214009		
2013100622484879100	CMDevMotMag	2013-10-06 22:48:48.790	R	2D19B442-830F-47C2-B65E-ABED2A9906EC		-118.542404	-41.265411	-236.805862	0.000000	148777.225752		
2013100622484879700	CMDevMot	2013-10-06 22:48:48.797	R	2D19B442-830F-47C2-B65E-ABED2A9906EC		0.570442	-0.630535	0.526329	0.694510	0.712398	0.100725	-0.438466	0.308083	0.844294	0.058630	0.272792	0.374651	0.884185	0.478991	0.313177	0.724515	-0.297651	0.162469	-0.602845	0.438466	-0.308083	-0.844294	-0.279179	-0.105323	-0.534414	0.000000	0.000000	0.000000	-1.000000	148777.214009		
2013100622484880500	Heading	2013-10-06 22:48:48.804	R	2D19B442-830F-47C2-B65E-ABED2A9906EC		333.338745	333.847504	20.000000	28.285004	-10.265968	-44.494507	20131006224848803		
2013100622484881300	CMGyro	2013-10-06 22:48:48.813	R	2D19B442-830F-47C2-B65E-ABED2A9906EC		1.513717	1.186336	-1.440145	148777.245567		
2013100622484883000	CMDevMot	2013-10-06 22:48:48.829	R	2D19B442-830F-47C2-B65E-ABED2A9906EC		0.577534	-0.589354	0.564904	0.663587	0.741959	0.095648	-0.475506	0.319624	0.819594	0.063208	0.293612	0.353589	0.885873	0.525713	0.325332	0.671268	1.552809	1.155628	-1.442226	0.475506	-0.319624	-0.819594	-0.308392	-0.134707	-0.745027	0.000000	0.000000	0.000000	-1.000000	148777.245567		
2013100622484883000	CMDevMotMag	2013-10-06 22:48:48.830	R	2D19B442-830F-47C2-B65E-ABED2A9906EC		-118.373047	-40.412827	-235.645050	0.000000	148777.264573		
2013100622484883100	Heading	2013-10-06 22:48:48.831	R	2D19B442-830F-47C2-B65E-ABED2A9906EC		336.925812	337.434570	20.000000	28.928520	-9.686207	-43.997025	20131006224848829		
2013100622484884500	CMGyro	2013-10-06 22:48:48.844	R	2D19B442-830F-47C2-B65E-ABED2A9906EC		-0.178100	0.364620	-1.045635	148777.277124		
2013100622484885600	Heading	2013-10-06 22:48:48.856	R	2D19B442-830F-47C2-B65E-ABED2A9906EC		338.618652	339.127411	20.000000	29.859917	-9.225807	-43.449783	20131006224848855		
2013100622484886100	CMDevMot	2013-10-06 22:48:48.860	R	2D19B442-830F-47C2-B65E-ABED2A9906EC		0.580490	-0.561962	0.589263	0.633571	0.766298	0.106657	-0.511488	0.311427	0.800871	0.057709	0.310217	0.336928	0.887082	0.568365	0.316694	0.632758	-0.139008	0.333912	-1.047716	0.511488	-0.311426	-0.800871	-0.145536	-0.170065	-0.556017	0.000000	0.000000	0.000000	-1.000000	148777.277124		
2013100622484886800	CMDevMotMag	2013-10-06 22:48:48.868	R	2D19B442-830F-47C2-B65E-ABED2A9906EC		-117.526321	-38.537125	-236.474213	0.000000	148777.303407		
2013100622484887600	CMGyro	2013-10-06 22:48:48.876	R	2D19B442-830F-47C2-B65E-ABED2A9906EC		-0.043181	-0.495841	-0.271459	148777.308682		
2013100622484888200	Heading	2013-10-06 22:48:48.882	R	2D19B442-830F-47C2-B65E-ABED2A9906EC		343.139618	343.648376	20.000000	30.418755	-8.901821	-43.433197	20131006224848881		
2013100622484889200	CMDevMot	2013-10-06 22:48:48.892	R	2D19B442-830F-47C2-B65E-ABED2A9906EC		0.599970	-0.550047	0.580935	0.619222	0.779060	0.098127	-0.506558	0.300854	0.808014	0.056779	0.304581	0.327484	0.892615	0.559977	0.305589	0.614767	-0.004090	-0.526549	-0.273540	0.506558	-0.300854	-0.808014	0.045277	0.020993	-0.248337	0.000000	0.000000	0.000000	-1.000000	148777.308682		
2013100622484890800	CMDevMotMag	2013-10-06 22:48:48.907	R	2D19B442-830F-47C2-B65E-ABED2A9906EC		-118.881088	-37.172974	-235.147568	0.000000	148777.342235		
2013100622484890800	CMGyro	2013-10-06 22:48:48.908	R	2D19B442-830F-47C2-B65E-ABED2A9906EC		-0.093508	-0.225812	-0.542473	148777.340240		
2013100622484890900	Heading	2013-10-06 22:48:48.909	R	2D19B442-830F-47C2-B65E-ABED2A9906EC		341.631653	342.140411	20.000000	30.926788	-8.731300	-43.101532	20131006224848907		
2013100622484892400	CMDevMot	2013-10-06 22:48:48.924	R	2D19B442-830F-47C2-B65E-ABED2A9906EC		0.613765	-0.545249	0.570960	0.610914	0.786098	0.093985	-0.500076	0.291124	0.815580	0.054970	0.298644	0.322381	0.896583	0.550035	0.295401	0.606428	-0.054417	-0.256519	-0.544554	0.500076	-0.291124	-0.815580	-0.090774	0.242448	-0.137057	0.000000	0.000000	0.000000	-1.000000	148777.340240		
2013100622484893400	Heading	2013-10-06 22:48:48.934	R	2D19B442-830F-47C2-B65E-ABED2A9906EC		339.361938	339.870697	20.000000	30.994522	-8.219742	-43.134689	20131006224848933		
2013100622484893900	CMGyro	2013-10-06 22:48:48.939	R	2D19B442-830F-47C2-B65E-ABED2A9906EC		0.488866	0.076005	-0.989519	148777.371798		
2013100622484894600	CMDevMotMag	2013-10-06 22:48:48.946	R	2D19B442-830F-47C2-B65E-ABED2A9906EC		-118.034363	-39.048676	-237.635025	0.000000	148777.381086		
2013100622484895500	CMDevMot	2013-10-06 22:48:48.955	R	2D19B442-830F-47C2-B65E-ABED2A9906EC		0.629531	-0.525384	0.572418	0.593176	0.800819	0.082657	-0.501830	0.287509	0.815785	0.056849	0.298120	0.310417	0.900852	0.551485	0.291625	0.580623	0.527956	0.045298	-0.991600	0.501830	-0.287509	-0.815785	-0.228820	0.195453	0.126744	0.000000	0.000000	0.000000	-1.000000	148777.371798		
2013100622484897100	CMGyro	2013-10-06 22:48:48.971	R	2D19B442-830F-47C2-B65E-ABED2A9906EC		1.380159	1.690078	-1.868374	148777.403355		
2013100622484898500	CMDevMotMag	2013-10-06 22:48:48.985	R	2D19B442-830F-47C2-B65E-ABED2A9906EC		-114.816788	-40.583344	-235.479218	0.000000	148777.419890		
2013100622484898700	CMDevMot	2013-10-06 22:48:48.986	R	2D19B442-830F-47C2-B65E-ABED2A9906EC		0.635333	-0.474394	0.609346	0.551340	0.831149	0.072221	-0.540718	0.290073	0.789608	0.060365	0.318672	0.284221	0.902232	0.600447	0.294303	0.518649	1.419249	1.659371	-1.870455	0.540718	-0.290073	-0.789608	-0.251457	-0.009106	0.279843	0.000000	0.000000	0.000000	-1.000000	148777.403355		
2013100622484900200	CMGyro	2013-10-06 22:48:49.002	R	2D19B442-830F-47C2-B65E-ABED2A9906EC		2.309656	1.589962	-1.232751	148777.434913		
2013100622484901200	Heading	2013-10-06 22:48:49.012	R	2D19B442-830F-47C2-B65E-ABED2A9906EC		345.323639	345.832397	20.000000	31.993668	-8.134483	-42.222626	20131006224849010		
2013100622484901800	CMDevMot	2013-10-06 22:48:49.018	R	2D19B442-830F-47C2-B65E-ABED2A9906EC		0.620473	-0.405540	0.671230	0.504155	0.861880	0.054695	-0.600701	0.304467	0.739228	0.069579	0.354323	0.253414	0.897438	0.682380	0.309379	0.439795	2.348746	1.559256	-1.234831	0.600701	-0.304467	-0.739228	-0.185173	-0.703803	0.031037	0.000000	0.000000	0.000000	-1.000000	148777.434913		
2013100622484902300	CMDevMotMag	2013-10-06 22:48:49.023	R	2D19B442-830F-47C2-B65E-ABED2A9906EC		-112.276581	-44.846298	-230.338486	0.000000	148777.458730		
2013100622484903400	CMGyro	2013-10-06 22:48:49.034	R	2D19B442-830F-47C2-B65E-ABED2A9906EC		2.973412	1.214513	0.230508	148777.466471		
2013100622484903800	Heading	2013-10-06 22:48:49.037	R	2D19B442-830F-47C2-B65E-ABED2A9906EC		354.574005	355.082764	20.000000	33.365372	-9.413372	-41.144730	20131006224849036		
2013100622484905000	CMDevMot	2013-10-06 22:48:49.050	R	2D19B442-830F-47C2-B65E-ABED2A9906EC		0.597463	-0.333962	0.729045	0.492658	0.870208	-0.005114	-0.632713	0.362225	0.684447	0.103451	0.383503	0.232796	0.887710	0.746142	0.370654	0.366440	3.012501	1.183807	0.228427	0.632713	-0.362225	-0.684447	-0.346382	-0.255176	0.439284	0.000000	0.000000	0.000000	-1.000000	148777.466471		
2013100622484906300	CMDevMotMag	2013-10-06 22:48:49.062	R	2D19B442-830F-47C2-B65E-ABED2A9906EC		-110.075089	-46.380966	-230.835968	0.000000	148777.497523		
2013100622484906400	Heading	2013-10-06 22:48:49.063	R	2D19B442-830F-47C2-B65E-ABED2A9906EC		357.280334	357.789093	20.000000	34.804817	-10.862774	-39.934158	20131006224849062		
2013100622484906500	CMGyro	2013-10-06 22:48:49.065	R	2D19B442-830F-47C2-B65E-ABED2A9906EC		0.091475	1.282089	0.634478	148777.498029		
2013100622484908200	CMDevMot	2013-10-06 22:48:49.081	R	2D19B442-830F-47C2-B65E-ABED2A9906EC		0.566670	-0.307783	0.764300	0.507237	0.861311	-0.029228	-0.649305	0.404244	0.644198	0.123654	0.403250	0.232496	0.876382	0.789346	0.416152	0.343201	0.130564	1.251383	0.632397	0.649305	-0.404244	-0.644198	-0.271970	0.120003	0.533175	0.000000	0.000000	0.000000	-1.000000	148777.498029		
2013100622484909000	Heading	2013-10-06 22:48:49.089	R	2D19B442-830F-47C2-B65E-ABED2A9906EC		358.688599	359.197357	20.000000	36.142654	-12.550907	-38.624100	20131006224849088		
2013100622484909700	CMGyro	2013-10-06 22:48:49.097	R	2D19B442-830F-47C2-B65E-ABED2A9906EC		-0.619828	0.935580	1.013370	148777.529587		
2013100622484910100	CMDevMotMag	2013-10-06 22:48:49.101	R	2D19B442-830F-47C2-B65E-ABED2A9906EC		-109.905731	-47.233551	-228.348511	0.000000	148777.536444		
2013100622484911300	CMDevMot	2013-10-06 22:48:49.113	R	2D19B442-830F-47C2-B65E-ABED2A9906EC		0.534854	-0.334192	0.776046	0.534936	0.844879	-0.004847	-0.654045	0.417727	0.630658	0.121776	0.412119	0.250462	0.867524	0.803601	0.430943	0.376664	-0.580738	0.904874	1.011289	0.654045	-0.417727	-0.630658	-0.228172	0.223239	0.357342	0.000000	0.000000	0.000000	-1.000000	148777.529587		
2013100622484911600	Heading	2013-10-06 22:48:49.115	R	2D19B442-830F-47C2-B65E-ABED2A9906EC		355.736115	356.244873	20.000000	37.446625	-14.000313	-37.347198	20131006224849114		
2013100622484912900	CMGyro	2013-10-06 22:48:49.128	R	2D19B442-830F-47C2-B65E-ABED2A9906EC		0.181922	1.296538	-0.196321	148777.561144		
2013100622484914000	CMDevMotMag	2013-10-06 22:48:49.140	R	2D19B442-830F-47C2-B65E-ABED2A9906EC		-107.026855	-48.086151	-227.187698	0.000000	148777.575241		
2013100622484914100	Heading	2013-10-06 22:48:49.141	R	2D19B442-830F-47C2-B65E-ABED2A9906EC		351.195496	351.704254	20.000000	38.581245	-15.517925	-36.269318	20131006224849140		
2013100622484914500	CMDevMot	2013-10-06 22:48:49.144	R	2D19B442-830F-47C2-B65E-ABED2A9906EC		0.503951	-0.345332	0.791694	0.541920	0.840155	0.021512	-0.672574	0.418194	0.610539	0.115388	0.425930	0.258086	0.859454	0.833708	0.431456	0.389982	0.221011	1.265832	-0.198402	0.672574	-0.418194	-0.610539	-0.181882	0.031262	0.207417	0.000000	0.000000	0.000000	-1.000000	148777.561144		
2013100622484916000	CMGyro	2013-10-06 22:48:49.160	R	2D19B442-830F-47C2-B65E-ABED2A9906EC		1.236717	1.501642	-0.420189	148777.592702		
2013100622484917600	CMDevMot	2013-10-06 22:48:49.176	R	2D19B442-830F-47C2-B65E-ABED2A9906EC		0.471721	-0.314235	0.823854	0.530146	0.847676	0.019771	-0.704574	0.427436	0.566457	0.119987	0.449861	0.248526	0.849390	0.893639	0.441655	0.354997	1.275806	1.470937	-0.422270	0.704574	-0.427436	-0.566457	-0.174484	-0.076577	0.098455	0.000000	0.000000	0.000000	-1.000000	148777.592702		
2013100622484917900	CMDevMotMag	2013-10-06 22:48:49.179	R	2D19B442-830F-47C2-B65E-ABED2A9906EC		-104.147964	-46.892517	-224.036926	0.000000	148777.614057		
2013100622484919200	CMGyro	2013-10-06 22:48:49.192	R	2D19B442-830F-47C2-B65E-ABED2A9906EC		0.623484	1.645785	-0.258065	148777.624260		
