2013092222543745300	Event	Test Begin	Default Test	2013-09-22 22:54:37.435	R	22A7CFE3-2413-41D2-80F8-C693F17141F9	ApioTest version 1.07		
2013092222543745600	Config	Local Default		DevMotRate	32.0	MagnetometerRate	32.0	LocDistanceFilter	20	AccelerometerRate	32.0	GyroRate	32.0		
2013092222543745700	Customer	22A7CFE3-2413-41D2-80F8-C693F17141F9	Kayla	Washenberger	6517697331			
2013092222543745700	Vehicle	Chevy	Monte Carlo	1999	Black			
2013092222543745700	Event	Text	Default Test	2013-09-22 22:54:37.431	R	22A7CFE3-2413-41D2-80F8-C693F17141F9	Driver		
2013092222543750700	CMGyro	2013-09-22 22:54:37.498	R	22A7CFE3-2413-41D2-80F8-C693F17141F9		0.044887	0.075039	0.286320	61504.060457		
2013092222543750700	CMDevMot	2013-09-22 22:54:37.507	R	22A7CFE3-2413-41D2-80F8-C693F17141F9		0.987343	0.004545	0.158534	0.004767	0.998287	-0.058311	-0.158527	0.058328	0.985630	0.029265	0.079552	0.000056	0.996401	0.159473	0.058361	-0.004553	0.118158	0.421285	0.018488	0.158527	-0.058328	-0.985630	-0.015507	0.005548	0.083790	0.000000	0.000000	0.000000	-1.000000	61504.044828		
2013092222543750800	CMGyro	2013-09-22 22:54:37.508	R	22A7CFE3-2413-41D2-80F8-C693F17141F9		-0.317822	-0.341961	0.296145	61504.091714		
2013092222543750800	CMDevMot	2013-09-22 22:54:37.508	R	22A7CFE3-2413-41D2-80F8-C693F17141F9		0.987127	-0.004016	0.159888	0.012910	0.998423	-0.054627	-0.159417	0.055988	0.985622	0.027754	0.080116	0.004247	0.996390	0.160354	0.056017	0.004023	-0.316913	-0.208142	0.326152	0.159417	-0.055988	-0.985622	-0.098916	-0.056683	0.112133	0.000000	0.000000	0.000000	-1.000000	61504.076085		
2013092222543750800	Event	Bluetooth	Default Test	2013-09-22 22:54:37.508	R	22A7CFE3-2413-41D2-80F8-C693F17141F9	Bluetooth is currently powered on and available to use.		
2013092222543753200	CMGyro	2013-09-22 22:54:37.532	R	22A7CFE3-2413-41D2-80F8-C693F17141F9		-0.124037	-0.214972	0.071242	61504.122971		
2013092222543753300	CMDevMot	2013-09-22 22:54:37.532	R	22A7CFE3-2413-41D2-80F8-C693F17141F9		0.988586	-0.013518	0.150048	0.020105	0.998895	-0.042472	-0.149308	0.045004	0.987766	0.021937	0.075072	0.008432	0.996901	0.150022	0.045019	0.013532	-0.334244	-0.325587	0.164534	0.149308	-0.045004	-0.987766	-0.185227	-0.071406	-0.041500	0.000000	0.000000	0.000000	-1.000000	61504.107342		
2013092222543755600	Location	2013-09-22 22:54:37.552	R	22A7CFE3-2413-41D2-80F8-C693F17141F9		44.965381	-93.242604	266.235260	65.000000	10.000000	-1.000000	-1.000000	20130922225429670		
2013092222543756000	CMGyro	2013-09-22 22:54:37.559	R	22A7CFE3-2413-41D2-80F8-C693F17141F9		0.003402	-0.023910	-0.050078	61504.154228		
2013092222543756000	CMDevMot	2013-09-22 22:54:37.560	R	22A7CFE3-2413-41D2-80F8-C693F17141F9		0.989292	-0.015634	0.145112	0.020985	0.999152	-0.035415	-0.144435	0.038081	0.988781	0.018426	0.072594	0.009181	0.997149	0.145048	0.038090	0.015646	-0.166656	-0.006027	-0.040776	0.144435	-0.038081	-0.988781	-0.157420	-0.087667	-0.044330	0.000000	0.000000	0.000000	-1.000000	61504.138599		
2013092222543758900	CMGyro	2013-09-22 22:54:37.589	R	22A7CFE3-2413-41D2-80F8-C693F17141F9		0.093107	-0.052803	0.121267	61504.185485		
2013092222543758900	CMDevMot	2013-09-22 22:54:37.589	R	22A7CFE3-2413-41D2-80F8-C693F17141F9		0.989367	-0.014769	0.144690	0.019639	0.999286	-0.032283	-0.144110	0.034781	0.988950	0.016813	0.072403	0.008626	0.997196	0.144701	0.034788	0.014779	-0.046610	-0.032743	0.012254	0.144110	-0.034781	-0.988950	-0.081243	-0.058801	-0.031283	0.000000	0.000000	0.000000	-1.000000	61504.169856		
2013092222543760600	Location	2013-09-22 22:54:37.606	R	22A7CFE3-2413-41D2-80F8-C693F17141F9		44.965311	-93.242383	266.235260	423.009332	10.000000	-1.000000	-1.000000	20130922225437590		
2013092222543762000	CMGyro	2013-09-22 22:54:37.620	R	22A7CFE3-2413-41D2-80F8-C693F17141F9		0.017452	-0.104107	0.125656	61504.216742		
2013092222543762100	CMDevMot	2013-09-22 22:54:37.621	R	22A7CFE3-2413-41D2-80F8-C693F17141F9		0.989481	-0.017955	0.143546	0.022697	0.999247	-0.031466	-0.142873	0.034393	0.989143	0.016510	0.071804	0.010191	0.997230	0.143449	0.034400	0.017967	-0.037721	-0.050922	0.129154	0.142873	-0.034393	-0.989143	-0.099599	-0.077698	0.009315	0.000000	0.000000	0.000000	-1.000000	61504.201113		
2013092222543765400	CMGyro	2013-09-22 22:54:37.654	R	22A7CFE3-2413-41D2-80F8-C693F17141F9		0.049858	-0.098706	0.021428	61504.247999		
2013092222543765500	CMDevMot	2013-09-22 22:54:37.654	R	22A7CFE3-2413-41D2-80F8-C693F17141F9		0.991841	-0.021895	0.125588	0.027133	0.998825	-0.040150	-0.124562	0.043230	0.991270	0.020892	0.062679	0.012285	0.997739	0.125003	0.043243	0.021917	-0.127804	-0.095720	0.052077	0.124562	-0.043230	-0.991270	-0.114521	-0.083342	0.009962	0.000000	0.000000	0.000000	-1.000000	61504.232370		
2013092222543768300	CMGyro	2013-09-22 22:54:37.683	R	22A7CFE3-2413-41D2-80F8-C693F17141F9		0.081276	-0.023285	0.031161	61504.279256		
2013092222543768300	CMDevMot	2013-09-22 22:54:37.683	R	22A7CFE3-2413-41D2-80F8-C693F17141F9		0.993286	-0.022640	0.113450	0.027906	0.998595	-0.045046	-0.112271	0.047909	0.992522	0.023284	0.056541	0.012661	0.998048	0.112638	0.047927	0.022668	-0.046946	-0.033940	-0.008839	0.112271	-0.047909	-0.992522	-0.083569	-0.058933	-0.032182	0.000000	0.000000	0.000000	-1.000000	61504.263627		
2013092222543771500	CMGyro	2013-09-22 22:54:37.714	R	22A7CFE3-2413-41D2-80F8-C693F17141F9		0.117381	0.042670	0.089358	61504.310513		
2013092222543771500	CMDevMot	2013-09-22 22:54:37.715	R	22A7CFE3-2413-41D2-80F8-C693F17141F9		0.993242	-0.023113	0.113738	0.028288	0.998627	-0.044101	-0.112562	0.047020	0.992532	0.022825	0.056686	0.012875	0.998048	0.112927	0.047038	0.023140	-0.017558	0.053736	0.039446	0.112562	-0.047020	-0.992532	-0.088988	-0.038414	-0.036659	0.000000	0.000000	0.000000	-1.000000	61504.294884		
2013092222543775700	CMGyro	2013-09-22 22:54:37.757	R	22A7CFE3-2413-41D2-80F8-C693F17141F9		0.181296	0.005945	0.094605	61504.341770		
2013092222543775700	CMDevMot	2013-09-22 22:54:37.757	R	22A7CFE3-2413-41D2-80F8-C693F17141F9		0.993944	-0.025487	0.106895	0.030814	0.998349	-0.048481	-0.105483	0.051481	0.993088	0.025036	0.053192	0.014101	0.998171	0.105820	0.051504	0.025524	0.059298	0.054112	0.068947	0.105483	-0.051481	-0.993088	-0.086944	-0.042452	-0.041382	0.000000	0.000000	0.000000	-1.000000	61504.326142		
2013092222543777800	CMGyro	2013-09-22 22:54:37.777	R	22A7CFE3-2413-41D2-80F8-C693F17141F9		0.146033	-0.086175	0.089816	61504.373027		
2013092222543777800	CMDevMot	2013-09-22 22:54:37.778	R	22A7CFE3-2413-41D2-80F8-C693F17141F9		0.994555	-0.028129	0.100341	0.033685	0.997967	-0.054110	-0.098615	0.057195	0.993481	0.027875	0.049826	0.015481	0.998249	0.098938	0.057226	0.028179	0.030853	-0.026925	0.086433	0.098615	-0.057195	-0.993481	-0.084226	-0.044719	0.013012	0.000000	0.000000	0.000000	-1.000000	61504.357399		
2013092222543778400	CMDevMotMag	2013-09-22 22:54:37.784	R	22A7CFE3-2413-41D2-80F8-C693F17141F9		-130.166931	118.652542	-232.654831	0.000000	61504.387239		
2013092222543780900	CMGyro	2013-09-22 22:54:37.808	R	22A7CFE3-2413-41D2-80F8-C693F17141F9		0.184577	-0.144179	0.052696	61504.404284		
2013092222543781000	CMDevMot	2013-09-22 22:54:37.809	R	22A7CFE3-2413-41D2-80F8-C693F17141F9		0.995451	-0.030173	0.090372	0.035704	0.997546	-0.060219	-0.088333	0.063172	0.994086	0.030898	0.044749	0.016496	0.998384	0.088626	0.063214	0.030238	0.079788	-0.087092	0.020150	0.088333	-0.063172	-0.994086	-0.089020	-0.032577	-0.020395	0.000000	0.000000	0.000000	-1.000000	61504.388656		
2013092222543782400	CMDevMotMag	2013-09-22 22:54:37.822	R	22A7CFE3-2413-41D2-80F8-C693F17141F9		-130.335114	120.496017	-232.818909	0.000000	61504.425984		
2013092222543783900	CMGyro	2013-09-22 22:54:37.839	R	22A7CFE3-2413-41D2-80F8-C693F17141F9		0.216171	-0.127584	0.034099	61504.435541		
2013092222543784000	CMDevMot	2013-09-22 22:54:37.840	R	22A7CFE3-2413-41D2-80F8-C693F17141F9		0.996167	-0.031355	0.081662	0.036806	0.997132	-0.066131	-0.079355	0.068883	0.994464	0.033805	0.040316	0.017066	0.998469	0.079628	0.068938	0.031434	0.040782	-0.135999	0.043936	0.079355	-0.068883	-0.994464	-0.058908	-0.041987	0.008670	0.000000	0.000000	0.000000	-1.000000	61504.419913		
2013092222543786200	CMDevMotMag	2013-09-22 22:54:37.861	R	22A7CFE3-2413-41D2-80F8-C693F17141F9		-131.512329	117.982193	-231.998535	0.000000	61504.464910		
2013092222543787000	CMGyro	2013-09-22 22:54:37.870	R	22A7CFE3-2413-41D2-80F8-C693F17141F9		0.151243	-0.052937	0.035203	61504.466798		
2013092222543787100	CMDevMot	2013-09-22 22:54:37.870	R	22A7CFE3-2413-41D2-80F8-C693F17141F9		0.997620	-0.032941	0.060569	0.037550	0.996354	-0.076606	-0.057825	0.078698	0.995220	0.038879	0.029638	0.017647	0.998648	0.058037	0.078780	0.033050	0.097328	-0.063221	0.013037	0.057825	-0.078698	-0.995220	-0.055276	-0.020362	0.012722	0.000000	0.000000	0.000000	-1.000000	61504.451170		
2013092222543790000	CMDevMotMag	2013-09-22 22:54:37.900	R	22A7CFE3-2413-41D2-80F8-C693F17141F9		-131.344162	117.144257	-231.506317	0.000000	61504.503726		
2013092222543790200	CMGyro	2013-09-22 22:54:37.902	R	22A7CFE3-2413-41D2-80F8-C693F17141F9		0.181421	-0.073091	0.012546	61504.498056		
2013092222543790200	CMDevMot	2013-09-22 22:54:37.902	R	22A7CFE3-2413-41D2-80F8-C693F17141F9		0.997681	-0.033082	0.059487	0.037686	0.996239	-0.078021	-0.056682	0.080082	0.995175	0.039580	0.029082	0.017716	0.998636	0.056895	0.080168	0.033194	0.025384	-0.017841	-0.001907	0.056682	-0.080082	-0.995175	-0.062801	-0.029918	-0.001514	0.000000	0.000000	0.000000	-1.000000	61504.482427		
2013092222543793900	CMDevMotMag	2013-09-22 22:54:37.938	R	22A7CFE3-2413-41D2-80F8-C693F17141F9		-132.016861	117.144257	-231.834473	0.000000	61504.542691		
2013092222543794900	CMGyro	2013-09-22 22:54:37.949	R	22A7CFE3-2413-41D2-80F8-C693F17141F9		0.198550	-0.130748	-0.026109	61504.550151		
2013092222543795000	CMDevMot	2013-09-22 22:54:37.949	R	22A7CFE3-2413-41D2-80F8-C693F17141F9		0.998325	-0.033550	0.047133	0.037478	0.995668	-0.085094	-0.044074	0.086718	0.995257	0.043011	0.022833	0.017781	0.998655	0.044255	0.086827	0.033683	0.072031	-0.118285	-0.033372	0.044074	-0.086718	-0.995257	-0.058021	-0.017897	-0.012402	0.000000	0.000000	0.000000	-1.000000	61504.534523		
2013092222543797900	CMDevMotMag	2013-09-22 22:54:37.978	R	22A7CFE3-2413-41D2-80F8-C693F17141F9		-129.830582	118.987717	-233.311127	0.000000	61504.581525		
2013092222543798100	CMGyro	2013-09-22 22:54:37.980	R	22A7CFE3-2413-41D2-80F8-C693F17141F9		0.109750	-0.069938	-0.028676	61504.581408		
2013092222543798100	CMDevMot	2013-09-22 22:54:37.981	R	22A7CFE3-2413-41D2-80F8-C693F17141F9		0.998727	-0.032383	0.038663	0.035737	0.995348	-0.089468	-0.035586	0.090736	0.995239	0.045111	0.018587	0.017053	0.998663	0.035741	0.090861	0.032523	0.038239	-0.102194	-0.054186	0.035586	-0.090736	-0.995239	-0.026369	-0.011299	0.018615	0.000000	0.000000	0.000000	-1.000000	61504.565780		
2013092222543801200	CMGyro	2013-09-22 22:54:38.011	R	22A7CFE3-2413-41D2-80F8-C693F17141F9		0.103017	0.015468	-0.015048	61504.612665		
2013092222543801200	CMDevMot	2013-09-22 22:54:38.012	R	22A7CFE3-2413-41D2-80F8-C693F17141F9		0.998925	-0.031251	0.034238	0.034235	0.995324	-0.090326	-0.031255	0.091401	0.995324	0.045491	0.016395	0.016393	0.998696	0.031392	0.091528	0.031388	-0.028948	0.010574	-0.046964	0.031255	-0.091401	-0.995324	-0.023672	-0.001617	-0.001365	0.000000	0.000000	0.000000	-1.000000	61504.597037		
2013092222543801700	CMDevMotMag	2013-09-22 22:54:38.017	R	22A7CFE3-2413-41D2-80F8-C693F17141F9		-131.175980	119.322906	-231.998535	0.000000	61504.620344		
2013092222543804300	CMGyro	2013-09-22 22:54:38.043	R	22A7CFE3-2413-41D2-80F8-C693F17141F9		0.197130	-0.056502	0.058367	61504.643922		
2013092222543804300	CMDevMot	2013-09-22 22:54:38.043	R	22A7CFE3-2413-41D2-80F8-C693F17141F9		0.998978	-0.030491	0.033369	0.033374	0.995423	-0.089551	-0.030486	0.090573	0.995423	0.045088	0.015984	0.015987	0.998727	0.030616	0.090697	0.030622	0.028639	0.021960	-0.009764	0.030486	-0.090573	-0.995423	-0.009947	0.008389	-0.018966	0.000000	0.000000	0.000000	-1.000000	61504.628294		
2013092222543805500	CMDevMotMag	2013-09-22 22:54:38.055	R	22A7CFE3-2413-41D2-80F8-C693F17141F9		-131.175980	117.982193	-231.670395	0.000000	61504.659123		
2013092222543807400	CMGyro	2013-09-22 22:54:38.074	R	22A7CFE3-2413-41D2-80F8-C693F17141F9		0.268671	-0.142345	0.075216	61504.675180		
2013092222543807400	CMDevMot	2013-09-22 22:54:38.074	R	22A7CFE3-2413-41D2-80F8-C693F17141F9		0.999033	-0.031571	0.030591	0.034284	0.995111	-0.092617	-0.027517	0.093576	0.995232	0.046610	0.014546	0.016486	0.998671	0.027642	0.093713	0.031716	0.152620	-0.088155	0.047198	0.027517	-0.093576	-0.995232	-0.020407	-0.003561	-0.010551	0.000000	0.000000	0.000000	-1.000000	61504.659551		
2013092222543809400	CMDevMotMag	2013-09-22 22:54:38.094	R	22A7CFE3-2413-41D2-80F8-C693F17141F9		-132.353195	118.820129	-232.490753	0.000000	61504.697928		
2013092222543810500	CMGyro	2013-09-22 22:54:38.105	R	22A7CFE3-2413-41D2-80F8-C693F17141F9		0.125918	-0.066987	0.042097	61504.706437		
2013092222543810600	CMDevMot	2013-09-22 22:54:38.105	R	22A7CFE3-2413-41D2-80F8-C693F17141F9		0.999124	-0.033104	0.025583	0.035468	0.994526	-0.098289	-0.022189	0.099110	0.994829	0.049421	0.011960	0.017168	0.998559	0.022301	0.099273	0.033274	0.083599	-0.105966	0.036979	0.022189	-0.099110	-0.994829	-0.033923	-0.025646	0.058519	0.000000	0.000000	0.000000	-1.000000	61504.690808		
2013092222543813300	CMDevMotMag	2013-09-22 22:54:38.133	R	22A7CFE3-2413-41D2-80F8-C693F17141F9		-132.016861	117.814606	-232.162613	0.000000	61504.736744		
2013092222543813600	CMGyro	2013-09-22 22:54:38.136	R	22A7CFE3-2413-41D2-80F8-C693F17141F9		0.069288	-0.046764	0.025509	61504.737694		
2013092222543813700	CMDevMot	2013-09-22 22:54:38.137	R	22A7CFE3-2413-41D2-80F8-C693F17141F9		0.999167	-0.033719	0.022989	0.035856	0.994347	-0.099940	-0.019490	0.100681	0.994728	0.050229	0.010635	0.017419	0.998529	0.019590	0.100852	0.033898	-0.028246	-0.025276	0.010154	0.019490	-0.100681	-0.994728	-0.034474	-0.034161	0.039024	0.000000	0.000000	0.000000	-1.000000	61504.722065		
2013092222543816800	CMGyro	2013-09-22 22:54:38.168	R	22A7CFE3-2413-41D2-80F8-C693F17141F9		0.095300	-0.042727	-0.012943	61504.768951		
2013092222543816800	CMDevMot	2013-09-22 22:54:38.168	R	22A7CFE3-2413-41D2-80F8-C693F17141F9		0.999207	-0.033692	0.021218	0.035647	0.994376	-0.099727	-0.017738	0.100405	0.994789	0.050106	0.009753	0.017360	0.998545	0.017829	0.100574	0.033870	-0.049829	-0.016977	-0.029158	0.017738	-0.100405	-0.994789	-0.034370	-0.038404	0.006599	0.000000	0.000000	0.000000	-1.000000	61504.753322		
2013092222543817200	CMDevMotMag	2013-09-22 22:54:38.171	R	22A7CFE3-2413-41D2-80F8-C693F17141F9		-132.689545	117.814606	-231.834473	0.000000	61504.775576		
2013092222543820100	CMGyro	2013-09-22 22:54:38.201	R	22A7CFE3-2413-41D2-80F8-C693F17141F9		0.108345	-0.078252	0.025548	61504.800208		
2013092222543820200	CMDevMot	2013-09-22 22:54:38.201	R	22A7CFE3-2413-41D2-80F8-C693F17141F9		0.999257	-0.032818	0.020203	0.034667	0.994456	-0.099277	-0.016833	0.099904	0.994855	0.049867	0.009272	0.016895	0.998570	0.016918	0.100071	0.032989	0.009311	-0.054819	-0.023969	0.016833	-0.099904	-0.994855	-0.021151	-0.032756	-0.008777	0.000000	0.000000	0.000000	-1.000000	61504.784580		
2013092222543821200	CMDevMotMag	2013-09-22 22:54:38.212	R	22A7CFE3-2413-41D2-80F8-C693F17141F9		-132.521378	118.652542	-231.670395	0.000000	61504.814395		
2013092222543823000	CMGyro	2013-09-22 22:54:38.230	R	22A7CFE3-2413-41D2-80F8-C693F17141F9		0.059836	0.040628	0.004952	61504.831465		
2013092222543823100	CMDevMot	2013-09-22 22:54:38.231	R	22A7CFE3-2413-41D2-80F8-C693F17141F9		0.999288	-0.032901	0.018465	0.034584	0.994410	-0.099762	-0.015079	0.100329	0.994840	0.050095	0.008398	0.016895	0.998566	0.015156	0.100498	0.033074	-0.058638	0.007472	-0.000346	0.015079	-0.100329	-0.994840	-0.033603	-0.029492	-0.001620	0.000000	0.000000	0.000000	-1.000000	61504.815837		
2013092222543824900	CMDevMotMag	2013-09-22 22:54:38.249	R	22A7CFE3-2413-41D2-80F8-C693F17141F9		-130.335114	118.149780	-231.506317	0.000000	61504.853024		
2013092222543826300	CMGyro	2013-09-22 22:54:38.262	R	22A7CFE3-2413-41D2-80F8-C693F17141F9		0.155765	0.015083	0.021107	61504.862722		
2013092222543826300	CMDevMot	2013-09-22 22:54:38.263	R	22A7CFE3-2413-41D2-80F8-C693F17141F9		0.999289	-0.032533	0.019079	0.034270	0.994478	-0.099195	-0.015746	0.099778	0.994885	0.049814	0.008719	0.016725	0.998580	0.015826	0.099944	0.032702	-0.017183	0.057197	-0.019379	0.015746	-0.099778	-0.994885	-0.021621	-0.030791	-0.039295	0.000000	0.000000	0.000000	-1.000000	61504.847094		
2013092222543828800	CMDevMotMag	2013-09-22 22:54:38.288	R	22A7CFE3-2413-41D2-80F8-C693F17141F9		-131.175980	117.982193	-230.685959	0.000000	61504.891839		
2013092222543829300	CMGyro	2013-09-22 22:54:38.293	R	22A7CFE3-2413-41D2-80F8-C693F17141F9		0.138350	0.032379	0.056963	61504.893979		
2013092222543829300	CMDevMot	2013-09-22 22:54:38.293	R	22A7CFE3-2413-41D2-80F8-C693F17141F9		0.999275	-0.032465	0.019879	0.034317	0.994264	-0.101295	-0.016476	0.101904	0.994658	0.050875	0.009102	0.016720	0.998524	0.016563	0.102081	0.032641	0.059657	0.054288	0.006636	0.016476	-0.101904	-0.994658	-0.021206	-0.032923	0.000944	0.000000	0.000000	0.000000	-1.000000	61504.878351		
2013092222543832400	CMGyro	2013-09-22 22:54:38.324	R	22A7CFE3-2413-41D2-80F8-C693F17141F9		0.124317	0.051700	0.052853	61504.925237		
2013092222543832500	CMDevMot	2013-09-22 22:54:38.324	R	22A7CFE3-2413-41D2-80F8-C693F17141F9		0.999213	-0.033598	0.021090	0.035604	0.994007	-0.103360	-0.017491	0.104029	0.994420	0.051927	0.009660	0.017327	0.998454	0.017588	0.104218	0.033788	-0.012818	0.052073	0.046644	0.017491	-0.104029	-0.994420	-0.015691	-0.045889	0.034231	0.000000	0.000000	0.000000	-1.000000	61504.909608		
2013092222543832700	CMDevMotMag	2013-09-22 22:54:38.326	R	22A7CFE3-2413-41D2-80F8-C693F17141F9		-132.016861	119.825668	-232.818909	0.000000	61504.930532		
2013092222543835600	CMGyro	2013-09-22 22:54:38.356	R	22A7CFE3-2413-41D2-80F8-C693F17141F9		0.106331	0.077705	0.017981	61504.956494		
2013092222543835700	CMDevMot	2013-09-22 22:54:38.356	R	22A7CFE3-2413-41D2-80F8-C693F17141F9		0.999155	-0.034477	0.022373	0.036650	0.993759	-0.105358	-0.018601	0.106089	0.994183	0.052947	0.010260	0.017811	0.998386	0.018708	0.106289	0.034680	0.035051	0.089106	0.005603	0.018601	-0.106089	-0.994183	-0.036790	-0.043828	0.032681	0.000000	0.000000	0.000000	-1.000000	61504.940865		
2013092222543836600	CMDevMotMag	2013-09-22 22:54:38.365	R	22A7CFE3-2413-41D2-80F8-C693F17141F9		-131.007812	117.814606	-231.834473	0.000000	61504.969346		
2013092222543838600	CMGyro	2013-09-22 22:54:38.386	R	22A7CFE3-2413-41D2-80F8-C693F17141F9		0.085556	0.078617	-0.009426	61504.987751		
2013092222543838600	CMDevMot	2013-09-22 22:54:38.386	R	22A7CFE3-2413-41D2-80F8-C693F17141F9		0.999090	-0.034297	0.025364	0.036774	0.993822	-0.104718	-0.021616	0.105555	0.994178	0.052653	0.011764	0.017797	0.998385	0.021739	0.105752	0.034496	-0.054052	0.097104	-0.013702	0.021616	-0.105555	-0.994178	-0.043054	-0.060262	0.041252	0.000000	0.000000	0.000000	-1.000000	61504.972122		
2013092222543840400	CMDevMotMag	2013-09-22 22:54:38.403	R	22A7CFE3-2413-41D2-80F8-C693F17141F9		-131.848679	117.647018	-231.014099	0.000000	61505.008079		
2013092222543841800	CMGyro	2013-09-22 22:54:38.418	R	22A7CFE3-2413-41D2-80F8-C693F17141F9		0.072047	0.028914	-0.011098	61505.019008		
2013092222543841900	CMDevMot	2013-09-22 22:54:38.418	R	22A7CFE3-2413-41D2-80F8-C693F17141F9		0.999076	-0.033613	0.026784	0.036263	0.993756	-0.105518	-0.023070	0.106392	0.994057	0.053065	0.012484	0.017498	0.998360	0.023204	0.106594	0.033811	-0.028065	0.059894	-0.016124	0.023070	-0.106392	-0.994057	-0.037581	-0.056114	0.051002	0.000000	0.000000	0.000000	-1.000000	61505.003379		
2013092222543844300	CMDevMotMag	2013-09-22 22:54:38.443	R	22A7CFE3-2413-41D2-80F8-C693F17141F9		-130.671463	118.484955	-231.834473	0.000000	61505.046912		
2013092222543844900	CMGyro	2013-09-22 22:54:38.449	R	22A7CFE3-2413-41D2-80F8-C693F17141F9		0.045817	0.071645	-0.044058	61505.050265		
2013092222543845000	CMDevMot	2013-09-22 22:54:38.450	R	22A7CFE3-2413-41D2-80F8-C693F17141F9		0.999098	-0.032541	0.027289	0.035282	0.993648	-0.106860	-0.023638	0.107726	0.993900	0.053736	0.012753	0.016984	0.998329	0.023778	0.107936	0.032738	-0.042344	0.067024	-0.061175	0.023638	-0.107726	-0.993900	-0.034349	-0.072144	0.047961	0.000000	0.000000	0.000000	-1.000000	61505.034637		
2013092222543848000	CMGyro	2013-09-22 22:54:38.480	R	22A7CFE3-2413-41D2-80F8-C693F17141F9		-0.017679	0.006223	-0.054500	61505.081522		
2013092222543848100	CMDevMot	2013-09-22 22:54:38.481	R	22A7CFE3-2413-41D2-80F8-C693F17141F9		0.999111	-0.030717	0.028869	0.033649	0.993659	-0.107279	-0.025390	0.108155	0.993810	0.053949	0.013587	0.016119	0.998321	0.025543	0.108367	0.030903	-0.097374	0.043996	-0.059310	0.025390	-0.108155	-0.993810	-0.024368	-0.077407	0.056584	0.000000	0.000000	0.000000	-1.000000	61505.065894		
2013092222543848200	CMDevMotMag	2013-09-22 22:54:38.481	R	22A7CFE3-2413-41D2-80F8-C693F17141F9		-130.166931	117.982193	-231.342255	0.000000	61505.085762		
2013092222543851200	CMGyro	2013-09-22 22:54:38.512	R	22A7CFE3-2413-41D2-80F8-C693F17141F9		0.008066	0.084342	-0.055494	61505.112780		
2013092222543851200	CMDevMot	2013-09-22 22:54:38.512	R	22A7CFE3-2413-41D2-80F8-C693F17141F9		0.999166	-0.028690	0.029040	0.031598	0.993949	-0.105196	-0.025846	0.106026	0.994027	0.052890	0.013743	0.015096	0.998392	0.025995	0.106225	0.028857	-0.148094	0.054597	-0.075624	0.025846	-0.106026	-0.994027	-0.027494	-0.067909	0.002939	0.000000	0.000000	0.000000	-1.000000	61505.097151		
2013092222543852200	CMDevMotMag	2013-09-22 22:54:38.521	R	22A7CFE3-2413-41D2-80F8-C693F17141F9		-130.839630	119.658081	-231.342255	0.000000	61505.124661		
2013092222543854200	CMGyro	2013-09-22 22:54:38.542	R	22A7CFE3-2413-41D2-80F8-C693F17141F9		0.128589	0.112309	-0.002272	61505.144037		
2013092222543854300	CMDevMot	2013-09-22 22:54:38.543	R	22A7CFE3-2413-41D2-80F8-C693F17141F9		0.999144	-0.026662	0.031642	0.029823	0.994127	-0.104025	-0.028683	0.104880	0.994071	0.052309	0.015105	0.014144	0.998417	0.028846	0.105073	0.026813	-0.033953	0.108461	-0.056044	0.028683	-0.104880	-0.994071	-0.016903	-0.066217	-0.050668	0.000000	0.000000	0.000000	-1.000000	61505.128408		
2013092222543855900	CMDevMotMag	2013-09-22 22:54:38.559	R	22A7CFE3-2413-41D2-80F8-C693F17141F9		-129.998764	118.484955	-232.490753	0.000000	61505.163652		
2013092222543857400	CMGyro	2013-09-22 22:54:38.574	R	22A7CFE3-2413-41D2-80F8-C693F17141F9		0.128838	0.100844	0.032043	61505.175294		
2013092222543857400	CMDevMot	2013-09-22 22:54:38.574	R	22A7CFE3-2413-41D2-80F8-C693F17141F9		0.999010	-0.026110	0.036015	0.029730	0.994137	-0.103962	-0.033090	0.104930	0.993929	0.052308	0.017304	0.013983	0.998383	0.033280	0.105124	0.026258	0.003056	0.168247	0.011688	0.033090	-0.104930	-0.993929	-0.022821	-0.080602	-0.013288	0.000000	0.000000	0.000000	-1.000000	61505.159665		
2013092222543859900	CMDevMotMag	2013-09-22 22:54:38.598	R	22A7CFE3-2413-41D2-80F8-C693F17141F9		-129.830582	117.647018	-230.685959	0.000000	61505.202567		
2013092222543860500	CMGyro	2013-09-22 22:54:38.605	R	22A7CFE3-2413-41D2-80F8-C693F17141F9		0.184108	-0.112854	0.034480	61505.206551		
2013092222543860600	CMDevMot	2013-09-22 22:54:38.605	R	22A7CFE3-2413-41D2-80F8-C693F17141F9		0.998923	-0.026373	0.038177	0.030326	0.993799	-0.106976	-0.035119	0.108019	0.993528	0.053841	0.018355	0.014199	0.998280	0.035333	0.108230	0.026531	0.025965	0.011318	-0.005077	0.035119	-0.108019	-0.993528	-0.030511	-0.094511	-0.004961	0.000000	0.000000	0.000000	-1.000000	61505.190923		
2013092222543864200	CMGyro	2013-09-22 22:54:38.642	R	22A7CFE3-2413-41D2-80F8-C693F17141F9		0.256419	-0.272223	0.042091	61505.237808		
2013092222543864800	CMDevMot	2013-09-22 22:54:38.647	R	22A7CFE3-2413-41D2-80F8-C693F17141F9		0.999069	-0.026443	0.034084	0.030124	0.993201	-0.112444	-0.030879	0.113366	0.993073	0.056556	0.016271	0.014168	0.998166	0.031085	0.113610	0.026617	0.145798	-0.202018	-0.008639	0.030879	-0.113366	-0.993073	-0.027400	-0.088355	-0.020248	0.000000	0.000000	0.000000	-1.000000	61505.222180		
2013092222543865400	CMDevMotMag	2013-09-22 22:54:38.648	R	22A7CFE3-2413-41D2-80F8-C693F17141F9		-130.503281	119.993256	-233.311127	0.000000	61505.241383		
2013092222543867000	CMGyro	2013-09-22 22:54:38.670	R	22A7CFE3-2413-41D2-80F8-C693F17141F9		0.041320	-0.145828	0.060950	61505.269065		
2013092222543867100	CMDevMot	2013-09-22 22:54:38.670	R	22A7CFE3-2413-41D2-80F8-C693F17141F9		0.999303	-0.026980	0.025783	0.029876	0.992385	-0.119494	-0.022363	0.120181	0.992500	0.060037	0.012060	0.014242	0.998022	0.022528	0.120472	0.027180	0.090812	-0.246129	0.032417	0.022363	-0.120181	-0.992500	-0.028298	-0.084257	0.036400	0.000000	0.000000	0.000000	-1.000000	61505.253437		
2013092222543867100	Location	2013-09-22 22:54:38.671	R	22A7CFE3-2413-41D2-80F8-C693F17141F9		44.965172	-93.243976	266.121277	65.000000	10.000000	-1.000000	-1.000000	20130922225438655		
2013092222543867600	CMDevMotMag	2013-09-22 22:54:38.675	R	22A7CFE3-2413-41D2-80F8-C693F17141F9		-130.503281	118.987717	-231.998535	0.000000	61505.280272		
2013092222543869900	CMGyro	2013-09-22 22:54:38.699	R	22A7CFE3-2413-41D2-80F8-C693F17141F9		-0.155560	0.099297	-0.085508	61505.300323		
2013092222543870000	CMDevMot	2013-09-22 22:54:38.700	R	22A7CFE3-2413-41D2-80F8-C693F17141F9		0.999391	-0.028024	0.020773	0.030316	0.992338	-0.119774	-0.017257	0.120331	0.992584	0.060144	0.009526	0.014614	0.998037	0.017384	0.120623	0.028233	-0.230848	0.029601	-0.019041	0.017257	-0.120331	-0.992584	-0.063171	-0.099304	0.023758	0.000000	0.000000	0.000000	-1.000000	61505.284694		
2013092222543871500	CMDevMotMag	2013-09-22 22:54:38.715	R	22A7CFE3-2413-41D2-80F8-C693F17141F9		-131.344162	119.490494	-231.834473	0.000000	61505.319218		
2013092222543873000	CMGyro	2013-09-22 22:54:38.730	R	22A7CFE3-2413-41D2-80F8-C693F17141F9		-0.088384	-0.045215	-0.154691	61505.331580		
2013092222543873100	CMDevMot	2013-09-22 22:54:38.730	R	22A7CFE3-2413-41D2-80F8-C693F17141F9		0.999417	-0.024813	0.023440	0.027277	0.993402	-0.111397	-0.020522	0.111971	0.993500	0.055938	0.011009	0.013045	0.998288	0.020653	0.112206	0.024973	-0.262504	0.069834	-0.141544	0.020522	-0.111971	-0.993500	-0.026961	-0.084715	-0.045410	0.000000	0.000000	0.000000	-1.000000	61505.315951		
2013092222543875400	CMDevMotMag	2013-09-22 22:54:38.754	R	22A7CFE3-2413-41D2-80F8-C693F17141F9		-130.671463	119.155304	-231.178177	0.000000	61505.358019		
2013092222543876200	CMGyro	2013-09-22 22:54:38.761	R	22A7CFE3-2413-41D2-80F8-C693F17141F9		0.131567	-0.293106	-0.220658	61505.362837		
2013092222543876200	CMDevMot	2013-09-22 22:54:38.762	R	22A7CFE3-2413-41D2-80F8-C693F17141F9		0.999588	-0.019236	0.021303	0.021425	0.993943	-0.107791	-0.019101	0.108203	0.993945	0.054083	0.010117	0.010181	0.998433	0.019215	0.108415	0.019351	-0.096821	-0.150846	-0.219481	0.019101	-0.108203	-0.993945	-0.030026	-0.059781	-0.097485	0.000000	0.000000	0.000000	-1.000000	61505.347209		
2013092222543879300	CMGyro	2013-09-22 22:54:38.793	R	22A7CFE3-2413-41D2-80F8-C693F17141F9		0.222182	-0.582962	-0.131585	61505.394094		
2013092222543879400	CMDevMot	2013-09-22 22:54:38.793	R	22A7CFE3-2413-41D2-80F8-C693F17141F9		0.999869	-0.011965	0.010906	0.013096	0.993811	-0.110308	-0.009519	0.110437	0.993838	0.055273	0.005114	0.006275	0.998438	0.009578	0.110662	0.012039	0.148411	-0.455307	-0.218147	0.009519	-0.110437	-0.993838	-0.004239	-0.032752	-0.120603	0.000000	0.000000	0.000000	-1.000000	61505.378466		
2013092222543879400	CMDevMotMag	2013-09-22 22:54:38.794	R	22A7CFE3-2413-41D2-80F8-C693F17141F9		-131.175980	118.987717	-231.670395	0.000000	61505.396857		
2013092222543882400	CMGyro	2013-09-22 22:54:38.824	R	22A7CFE3-2413-41D2-80F8-C693F17141F9		-0.055402	-0.120027	-0.019903	61505.425352		
2013092222543882500	CMDevMot	2013-09-22 22:54:38.824	R	22A7CFE3-2413-41D2-80F8-C693F17141F9		0.999965	-0.006930	-0.004756	0.006346	0.993530	-0.113393	0.005511	0.113358	0.993539	0.056780	-0.002571	0.003324	0.998378	-0.005547	0.113603	0.006975	0.046121	-0.349703	-0.140604	-0.005511	-0.113358	-0.993539	0.019061	-0.002288	0.008019	0.000000	0.000000	0.000000	-1.000000	61505.409723		
2013092222543883200	CMDevMotMag	2013-09-22 22:54:38.832	R	22A7CFE3-2413-41D2-80F8-C693F17141F9		-131.344162	119.155304	-232.818909	0.000000	61505.435670		
2013092222543885600	CMGyro	2013-09-22 22:54:38.855	R	22A7CFE3-2413-41D2-80F8-C693F17141F9		-0.305699	0.190562	0.187898	61505.456609		
2013092222543885900	CMDevMot	2013-09-22 22:54:38.856	R	22A7CFE3-2413-41D2-80F8-C693F17141F9		0.999963	-0.007560	-0.004202	0.007066	0.994204	-0.107281	0.004989	0.107247	0.994220	0.053710	-0.002301	0.003662	0.998547	-0.005018	0.107454	0.007604	-0.356637	0.327717	0.194443	-0.004989	-0.107247	-0.994220	0.024978	-0.024070	0.103793	0.000000	0.000000	0.000000	-1.000000	61505.440980		
2013092222543887100	CMDevMotMag	2013-09-22 22:54:38.871	R	22A7CFE3-2413-41D2-80F8-C693F17141F9		-131.680511	121.166367	-232.490753	0.000000	61505.474474		
2013092222543888700	CMGyro	2013-09-22 22:54:38.886	R	22A7CFE3-2413-41D2-80F8-C693F17141F9		-0.281473	-0.120642	0.157488	61505.487866		
2013092222543888700	CMDevMot	2013-09-22 22:54:38.887	R	22A7CFE3-2413-41D2-80F8-C693F17141F9		0.999920	-0.012538	0.001562	0.012630	0.995478	-0.094154	-0.000374	0.094166	0.995556	0.047133	0.000485	0.006299	0.998869	0.000376	0.094306	0.012595	-0.430914	0.046096	0.139431	0.000374	-0.094166	-0.995556	0.024070	-0.021068	0.095669	0.000000	0.000000	0.000000	-1.000000	61505.472237		
2013092222543891100	CMDevMotMag	2013-09-22 22:54:38.910	R	22A7CFE3-2413-41D2-80F8-C693F17141F9		-131.680511	121.166367	-231.834473	0.000000	61505.513209		
2013092222543891800	CMGyro	2013-09-22 22:54:38.918	R	22A7CFE3-2413-41D2-80F8-C693F17141F9		0.213804	-0.425868	-0.025207	61505.519123		
2013092222543891800	CMDevMot	2013-09-22 22:54:38.918	R	22A7CFE3-2413-41D2-80F8-C693F17141F9		0.999873	-0.015711	-0.002708	0.015428	0.996351	-0.083943	0.004017	0.083891	0.996467	0.041997	-0.001683	0.007792	0.999086	-0.004031	0.083990	0.015767	-0.241776	-0.338029	0.017804	-0.004017	-0.083891	-0.996467	-0.024044	-0.000795	-0.012368	0.000000	0.000000	0.000000	-1.000000	61505.503495		
2013092222543895000	CMDevMotMag	2013-09-22 22:54:38.950	R	22A7CFE3-2413-41D2-80F8-C693F17141F9		-132.016861	119.825668	-231.178177	0.000000	61505.552125		
2013092222543895000	CMGyro	2013-09-22 22:54:38.950	R	22A7CFE3-2413-41D2-80F8-C693F17141F9		0.491430	-0.000732	0.083371	61505.550380		
2013092222543895100	CMDevMot	2013-09-22 22:54:38.951	R	22A7CFE3-2413-41D2-80F8-C693F17141F9		0.999811	-0.015050	-0.012340	0.013899	0.995975	-0.088547	0.013623	0.088358	0.995996	0.044272	-0.006497	0.007245	0.998972	-0.013677	0.088474	0.015109	0.360345	-0.172167	0.022358	-0.013623	-0.088358	-0.995996	0.050900	0.012202	0.005838	0.000000	0.000000	0.000000	-1.000000	61505.534752		
2013092222543898000	CMGyro	2013-09-22 22:54:38.980	R	22A7CFE3-2413-41D2-80F8-C693F17141F9		0.199348	-0.134426	0.085690	61505.581638		
2013092222543898100	CMDevMot	2013-09-22 22:54:38.981	R	22A7CFE3-2413-41D2-80F8-C693F17141F9		0.999795	-0.017024	-0.010964	0.015860	0.994986	-0.098750	0.012590	0.098556	0.995052	0.049389	-0.005896	0.008231	0.998728	-0.012652	0.098716	0.017109	0.218110	0.064199	0.074525	-0.012590	-0.098556	-0.995052	0.024782	0.009444	0.070934	0.000000	0.000000	0.000000	-1.000000	61505.566009		
2013092222543898700	CMDevMotMag	2013-09-22 22:54:38.987	R	22A7CFE3-2413-41D2-80F8-C693F17141F9		-133.025894	119.490494	-231.178177	0.000000	61505.591119		
2013092222543901100	CMGyro	2013-09-22 22:54:39.011	R	22A7CFE3-2413-41D2-80F8-C693F17141F9		0.069228	-0.308694	-0.066170	61505.612895		
2013092222543901200	CMDevMot	2013-09-22 22:54:39.012	R	22A7CFE3-2413-41D2-80F8-C693F17141F9		0.999705	-0.018455	-0.015761	0.016773	0.994756	-0.100894	0.017540	0.100600	0.994772	0.050442	-0.008336	0.008819	0.998653	-0.017630	0.100771	0.018550	0.007752	-0.237285	-0.024785	-0.017540	-0.100600	-0.994772	-0.023781	0.014846	0.053732	0.000000	0.000000	0.000000	-1.000000	61505.597266		
2013092222543902600	CMDevMotMag	2013-09-22 22:54:39.025	R	22A7CFE3-2413-41D2-80F8-C693F17141F9		-132.353195	120.831192	-232.490753	0.000000	61505.629971		
2013092222543904300	CMGyro	2013-09-22 22:54:39.043	R	22A7CFE3-2413-41D2-80F8-C693F17141F9		0.011666	-0.162231	-0.145039	61505.644152		
2013092222543904400	CMDevMot	2013-09-22 22:54:39.043	R	22A7CFE3-2413-41D2-80F8-C693F17141F9		0.999555	-0.015526	-0.025472	0.012906	0.994903	-0.100009	0.026895	0.099636	0.994660	0.049979	-0.013110	0.007118	0.998639	-0.027033	0.099801	0.015605	-0.083852	-0.267887	-0.139809	-0.026895	-0.099636	-0.994660	-0.025900	-0.016682	0.008607	0.000000	0.000000	0.000000	-1.000000	61505.628523		
2013092222543906500	CMDevMotMag	2013-09-22 22:54:39.065	R	22A7CFE3-2413-41D2-80F8-C693F17141F9		-132.857727	119.993256	-232.982971	0.000000	61505.668895		
2013092222543907400	CMGyro	2013-09-22 22:54:39.074	R	22A7CFE3-2413-41D2-80F8-C693F17141F9		-0.147002	-0.103306	-0.069931	61505.675410		
2013092222543907500	CMDevMot	2013-09-22 22:54:39.074	R	22A7CFE3-2413-41D2-80F8-C693F17141F9		0.999510	-0.010583	-0.029473	0.007696	0.995314	-0.096388	0.030355	0.096114	0.994907	0.048187	-0.014976	0.004576	0.998716	-0.030501	0.096262	0.010632	-0.165458	-0.045648	-0.134602	-0.030355	-0.096114	-0.994907	0.001424	-0.020463	0.042622	0.000000	0.000000	0.000000	-1.000000	61505.659781		
2013092222543910400	CMDevMotMag	2013-09-22 22:54:39.104	R	22A7CFE3-2413-41D2-80F8-C693F17141F9		-134.034943	120.831192	-232.162613	0.000000	61505.707660		
2013092222543910500	CMGyro	2013-09-22 22:54:39.105	R	22A7CFE3-2413-41D2-80F8-C693F17141F9		-0.157140	0.079986	-0.125168	61505.706667		
2013092222543910600	CMDevMot	2013-09-22 22:54:39.105	R	22A7CFE3-2413-41D2-80F8-C693F17141F9		0.999481	-0.007306	-0.031389	0.004476	0.995997	-0.089277	0.031915	0.089090	0.995512	0.044642	-0.015844	0.002949	0.998873	-0.032048	0.089209	0.007335	-0.312832	-0.011170	-0.090615	-0.031915	-0.089090	-0.995512	-0.032217	-0.077505	0.052412	0.000000	0.000000	0.000000	-1.000000	61505.691038		
2013092222543913600	CMGyro	2013-09-22 22:54:39.136	R	22A7CFE3-2413-41D2-80F8-C693F17141F9		-0.086710	0.067482	-0.036757	61505.737924		
2013092222543913600	CMDevMot	2013-09-22 22:54:39.136	R	22A7CFE3-2413-41D2-80F8-C693F17141F9		0.999553	-0.002372	-0.029796	-0.000166	0.996389	-0.084900	0.029890	0.084867	0.995944	0.042485	-0.014937	0.000552	0.998985	-0.030003	0.084970	0.002380	-0.230569	0.155925	-0.174610	-0.029890	-0.084867	-0.995944	0.006361	-0.098025	0.053424	0.000000	0.000000	0.000000	-1.000000	61505.722295		
2013092222543914300	CMDevMotMag	2013-09-22 22:54:39.142	R	22A7CFE3-2413-41D2-80F8-C693F17141F9		-132.857727	122.339493	-232.654831	0.000000	61505.746507		
2013092222543916800	CMGyro	2013-09-22 22:54:39.168	R	22A7CFE3-2413-41D2-80F8-C693F17141F9		-0.082640	0.028431	0.220386	61505.769181		
2013092222543916900	CMDevMot	2013-09-22 22:54:39.168	R	22A7CFE3-2413-41D2-80F8-C693F17141F9		0.999697	-0.001276	-0.024581	-0.000765	0.996563	-0.082832	0.024602	0.082825	0.996260	0.041453	-0.012307	0.000128	0.999065	-0.024690	0.082920	0.001280	-0.214707	0.089541	0.129082	-0.024602	-0.082825	-0.996260	0.042272	-0.122527	0.032012	0.000000	0.000000	0.000000	-1.000000	61505.753553		
2013092222543918200	CMDevMotMag	2013-09-22 22:54:39.181	R	22A7CFE3-2413-41D2-80F8-C693F17141F9		-132.353195	123.177429	-232.490753	0.000000	61505.785260		
2013092222543919900	CMGyro	2013-09-22 22:54:39.199	R	22A7CFE3-2413-41D2-80F8-C693F17141F9		0.283325	0.281016	0.115990	61505.800439		
2013092222543920000	CMDevMot	2013-09-22 22:54:39.199	R	22A7CFE3-2413-41D2-80F8-C693F17141F9		0.999729	-0.006262	-0.022426	0.004493	0.996939	-0.078049	0.022847	0.077927	0.996697	0.039026	-0.011328	0.002691	0.999170	-0.022918	0.078006	0.006281	-0.028972	0.121920	0.100977	-0.022847	-0.077927	-0.996697	-0.007824	-0.088287	-0.087196	0.000000	0.000000	0.000000	-1.000000	61505.784810		
2013092222543922000	CMDevMotMag	2013-09-22 22:54:39.220	R	22A7CFE3-2413-41D2-80F8-C693F17141F9		-131.680511	120.831192	-231.834473	0.000000	61505.824133		
2013092222543923100	CMGyro	2013-09-22 22:54:39.231	R	22A7CFE3-2413-41D2-80F8-C693F17141F9		0.212638	0.274870	0.225481	61505.831696		
2013092222543923100	CMDevMot	2013-09-22 22:54:39.231	R	22A7CFE3-2413-41D2-80F8-C693F17141F9		0.999880	-0.009597	-0.012174	0.008516	0.996265	-0.085928	0.012954	0.085814	0.996227	0.042977	-0.006288	0.004533	0.999046	-0.013002	0.085920	0.009633	0.190347	0.350970	0.136886	-0.012954	-0.085814	-0.996227	0.028609	-0.105272	-0.042210	0.000000	0.000000	0.000000	-1.000000	61505.816067		
2013092222543925900	CMDevMotMag	2013-09-22 22:54:39.259	R	22A7CFE3-2413-41D2-80F8-C693F17141F9		-132.016861	121.836731	-233.475189	0.000000	61505.862957		
2013092222543926200	CMGyro	2013-09-22 22:54:39.261	R	22A7CFE3-2413-41D2-80F8-C693F17141F9		0.092170	0.073040	0.398855	61505.862953		
2013092222543926200	CMDevMot	2013-09-22 22:54:39.262	R	22A7CFE3-2413-41D2-80F8-C693F17141F9		0.999852	-0.017206	-0.000434	0.017087	0.995346	-0.094836	0.002064	0.094815	0.995493	0.047468	-0.000625	0.008583	0.998836	-0.002073	0.094958	0.017284	0.013461	0.274592	0.375257	-0.002064	-0.094815	-0.995493	0.023701	-0.167545	0.009851	0.000000	0.000000	0.000000	-1.000000	61505.847324		
2013092222543929300	CMGyro	2013-09-22 22:54:39.293	R	22A7CFE3-2413-41D2-80F8-C693F17141F9		0.193470	-0.047761	0.793147	61505.894210		
2013092222543929400	CMDevMot	2013-09-22 22:54:39.293	R	22A7CFE3-2413-41D2-80F8-C693F17141F9		0.999578	-0.029020	0.000971	0.028973	0.994635	-0.099302	0.001916	0.099288	0.995057	0.049714	-0.000236	0.014518	0.998658	-0.001925	0.099452	0.029169	-0.049416	-0.036691	0.351647	-0.001916	-0.099288	-0.995057	-0.036658	-0.157060	0.043076	0.000000	0.000000	0.000000	-1.000000	61505.878582		
2013092222543929900	CMDevMotMag	2013-09-22 22:54:39.299	R	22A7CFE3-2413-41D2-80F8-C693F17141F9		-132.689545	121.501541	-233.147049	0.000000	61505.901923		
2013092222543932500	CMGyro	2013-09-22 22:54:39.324	R	22A7CFE3-2413-41D2-80F8-C693F17141F9		0.385617	-0.058153	-0.045513	61505.925468		
2013092222543932500	CMDevMot	2013-09-22 22:54:39.325	R	22A7CFE3-2413-41D2-80F8-C693F17141F9		0.998847	-0.047970	-0.002037	0.047513	0.993649	-0.101998	0.006917	0.101784	0.994783	0.051027	-0.002242	0.023909	0.998409	-0.006953	0.101960	0.048240	0.189816	-0.252377	0.482981	-0.006917	-0.101784	-0.994783	-0.108180	0.009376	-0.054885	0.000000	0.000000	0.000000	-1.000000	61505.909839		
2013092222543933600	CMDevMotMag	2013-09-22 22:54:39.336	R	22A7CFE3-2413-41D2-80F8-C693F17141F9		-132.353195	120.496017	-232.162613	0.000000	61505.940693		
2013092222543935500	CMGyro	2013-09-22 22:54:39.355	R	22A7CFE3-2413-41D2-80F8-C693F17141F9		0.281841	0.033561	-0.252335	61505.956725		
2013092222543935600	CMDevMot	2013-09-22 22:54:39.356	R	22A7CFE3-2413-41D2-80F8-C693F17141F9		0.998953	-0.045714	-0.001967	0.045221	0.992914	-0.109893	0.006977	0.109689	0.993941	0.054993	-0.002240	0.022774	0.998224	-0.007019	0.109910	0.046008	0.249015	0.153598	-0.277224	-0.006977	-0.109689	-0.993941	0.012699	-0.100669	0.006499	0.000000	0.000000	0.000000	-1.000000	61505.941096		
2013092222543937600	CMDevMotMag	2013-09-22 22:54:39.375	R	22A7CFE3-2413-41D2-80F8-C693F17141F9		-131.344162	119.825668	-233.475189	0.000000	61505.979516		
2013092222543938700	CMGyro	2013-09-22 22:54:39.387	R	22A7CFE3-2413-41D2-80F8-C693F17141F9		0.599460	-0.033483	0.041056	61505.987982		
2013092222543938800	CMDevMot	2013-09-22 22:54:39.387	R	22A7CFE3-2413-41D2-80F8-C693F17141F9		0.999301	-0.037384	0.000274	0.037163	0.992558	-0.115962	0.004063	0.115891	0.993254	0.058072	-0.000949	0.018672	0.998137	-0.004091	0.116152	0.037646	0.252137	0.043665	-0.201090	-0.004063	-0.115891	-0.993254	0.074406	-0.182387	-0.091906	0.000000	0.000000	0.000000	-1.000000	61505.972354		
2013092222543941400	CMDevMotMag	2013-09-22 22:54:39.414	R	22A7CFE3-2413-41D2-80F8-C693F17141F9		-131.848679	118.652542	-231.670395	0.000000	61506.018347		
2013092222543941800	CMGyro	2013-09-22 22:54:39.418	R	22A7CFE3-2413-41D2-80F8-C693F17141F9		0.541128	-0.144125	-0.293055	61506.019239		
