2013092119512157600	Event	Test Begin	Default Test	2013-09-21 19:51:21.563	R	22A7CFE3-2413-41D2-80F8-C693F17141F9	ApioTest version 1.07		
2013092119512157600	Config	Local Default		DevMotRate	32.0	MagnetometerRate	32.0	LocDistanceFilter	20	AccelerometerRate	32.0	GyroRate	32.0		
2013092119512157600	Customer	22A7CFE3-2413-41D2-80F8-C693F17141F9	Kayla	Washenberger	6517697331			
2013092119512157900	Vehicle	Chevy	Silverado	1999	Navy			
2013092119512157900	Event	Text	Default Test	2013-09-21 19:51:21.562	R	22A7CFE3-2413-41D2-80F8-C693F17141F9	Driver		
2013092119512160000	CMGyro	2013-09-21 19:51:21.600	R	22A7CFE3-2413-41D2-80F8-C693F17141F9		0.189353	0.046521	-0.024774	47134.293011		
2013092119512161500	CMDevMot	2013-09-21 19:51:21.614	R	22A7CFE3-2413-41D2-80F8-C693F17141F9		0.999996	0.000081	-0.002936	-0.000373	0.995042	-0.099456	0.002913	0.099457	0.995038	0.049790	-0.001464	-0.000114	0.998759	-0.002928	0.099622	-0.000082	0.077970	0.065271	-0.047041	-0.002913	-0.099457	-0.995038	-0.000444	-0.002044	-0.024646	0.000000	0.000000	0.000000	-1.000000	47134.293011		
2013092119512162100	Event	Bluetooth	Default Test	2013-09-21 19:51:21.617	R	22A7CFE3-2413-41D2-80F8-C693F17141F9	Bluetooth is currently powered on and available to use.		
2013092119512162200	Location	2013-09-21 19:51:21.622	R	22A7CFE3-2413-41D2-80F8-C693F17141F9		44.834067	-92.934590	276.998146	5.000000	4.000000	0.650000	223.945312	20130921195121594		
2013092119512163000	CMGyro	2013-09-21 19:51:21.629	R	22A7CFE3-2413-41D2-80F8-C693F17141F9		0.230409	-0.085609	-0.045220	47134.324271		
2013092119512164000	CMDevMotMag	2013-09-21 19:51:21.639	R	22A7CFE3-2413-41D2-80F8-C693F17141F9		-142.611832	132.394791	-239.217728	0.000000	47134.340303		
2013092119512164900	CMDevMot	2013-09-21 19:51:21.649	R	22A7CFE3-2413-41D2-80F8-C693F17141F9		0.999994	0.002212	-0.002566	-0.002465	0.994648	-0.103291	0.002324	0.103297	0.994648	0.051716	-0.001224	-0.001171	0.998660	-0.002337	0.103481	-0.002224	0.119026	-0.066859	-0.067487	-0.002324	-0.103297	-0.994648	0.019246	-0.023717	-0.014538	0.000000	0.000000	0.000000	-1.000000	47134.324271		
2013092119512166100	CMGyro	2013-09-21 19:51:21.661	R	22A7CFE3-2413-41D2-80F8-C693F17141F9		0.076967	-0.196105	-0.001054	47134.355531		
2013092119512168000	CMDevMot	2013-09-21 19:51:21.680	R	22A7CFE3-2413-41D2-80F8-C693F17141F9		0.999966	0.003613	-0.007352	-0.004359	0.994552	-0.104148	0.006935	0.104177	0.994535	0.052153	-0.003577	-0.001996	0.998631	-0.006973	0.104366	-0.003633	-0.034415	-0.177354	-0.023321	-0.006935	-0.104177	-0.994535	0.021813	-0.034953	0.023603	0.000000	0.000000	0.000000	-1.000000	47134.355531		
2013092119512168000	CMDevMotMag	2013-09-21 19:51:21.680	R	22A7CFE3-2413-41D2-80F8-C693F17141F9		-144.798096	131.556854	-239.381805	0.000000	47134.379199		
2013092119512169200	CMGyro	2013-09-21 19:51:21.691	R	22A7CFE3-2413-41D2-80F8-C693F17141F9		0.080146	-0.090565	-0.044076	47134.386791		
2013092119512170800	CMDevMot	2013-09-21 19:51:21.707	R	22A7CFE3-2413-41D2-80F8-C693F17141F9		0.999923	0.004815	-0.011412	-0.005965	0.994661	-0.103027	0.010855	0.103087	0.994613	0.051598	-0.005574	-0.002699	0.998649	-0.010914	0.103270	-0.004841	-0.031236	-0.071814	-0.066344	-0.010855	-0.103087	-0.994613	-0.003076	-0.016862	0.044647	0.000000	0.000000	0.000000	-1.000000	47134.386791		
2013092119512171600	CMDevMotMag	2013-09-21 19:51:21.715	R	22A7CFE3-2413-41D2-80F8-C693F17141F9		-143.620880	132.394791	-239.545883	0.000000	47134.418129		
2013092119512172200	CMGyro	2013-09-21 19:51:21.722	R	22A7CFE3-2413-41D2-80F8-C693F17141F9		0.136817	0.209545	-0.156781	47134.418051		
2013092119512174000	CMDevMot	2013-09-21 19:51:21.739	R	22A7CFE3-2413-41D2-80F8-C693F17141F9		0.999927	0.008535	-0.008583	-0.009370	0.994683	-0.102553	0.007662	0.102626	0.994690	0.051364	-0.004067	-0.004482	0.998662	-0.007703	0.102807	-0.008580	0.025436	0.228295	-0.179048	-0.007662	-0.102626	-0.994690	-0.041013	0.010066	0.008545	0.000000	0.000000	0.000000	-1.000000	47134.418051		
2013092119512175400	CMDevMotMag	2013-09-21 19:51:21.753	R	22A7CFE3-2413-41D2-80F8-C693F17141F9		-142.611832	131.054077	-241.842896	0.000000	47134.456941		
2013092119512175400	CMGyro	2013-09-21 19:51:21.754	R	22A7CFE3-2413-41D2-80F8-C693F17141F9		0.487368	0.345644	-0.306356	47134.449311		
2013092119512177000	CMDevMot	2013-09-21 19:51:21.769	R	22A7CFE3-2413-41D2-80F8-C693F17141F9		0.999853	0.017037	-0.002025	-0.017156	0.994074	-0.107345	0.000184	0.107364	0.994220	0.053757	-0.000553	-0.008561	0.998517	-0.000185	0.107571	-0.017137	0.375958	0.364344	-0.328618	-0.000184	-0.107364	-0.994220	0.001206	0.001972	-0.056912	0.000000	0.000000	0.000000	-1.000000	47134.449311		
2013092119512178500	CMGyro	2013-09-21 19:51:21.785	R	22A7CFE3-2413-41D2-80F8-C693F17141F9		0.450264	0.166970	-0.267270	47134.480571		
2013092119512179500	CMDevMotMag	2013-09-21 19:51:21.795	R	22A7CFE3-2413-41D2-80F8-C693F17141F9		-142.780014	129.880966	-240.694382	0.000000	47134.495934		
2013092119512180100	CMDevMot	2013-09-21 19:51:21.800	R	22A7CFE3-2413-41D2-80F8-C693F17141F9		0.999596	0.027140	0.008480	-0.025910	0.992254	-0.121492	-0.011712	0.121223	0.992556	0.060797	0.005058	-0.013289	0.998049	0.011799	0.121522	-0.027345	0.338877	0.185699	-0.289534	0.011712	-0.121223	-0.992556	0.040702	-0.031594	0.026797	0.000000	0.000000	0.000000	-1.000000	47134.480571		
2013092119512181900	CMGyro	2013-09-21 19:51:21.818	R	22A7CFE3-2413-41D2-80F8-C693F17141F9		0.196767	-0.158943	-0.254947	47134.511831		
2013092119512183300	CMDevMotMag	2013-09-21 19:51:21.833	R	22A7CFE3-2413-41D2-80F8-C693F17141F9		-142.107315	128.540253	-238.725510	0.000000	47134.534763		
2013092119512183400	CMDevMot	2013-09-21 19:51:21.833	R	22A7CFE3-2413-41D2-80F8-C693F17141F9		0.999262	0.036473	0.012044	-0.034582	0.990759	-0.131154	-0.016716	0.130641	0.991289	0.065602	0.007207	-0.017806	0.997661	0.016861	0.131015	-0.036797	0.085464	-0.140124	-0.277221	0.016716	-0.130641	-0.991289	0.037590	-0.029333	0.044435	0.000000	0.000000	0.000000	-1.000000	47134.511831		
2013092119512184900	CMGyro	2013-09-21 19:51:21.848	R	22A7CFE3-2413-41D2-80F8-C693F17141F9		0.117174	-0.189393	-0.276873	47134.543091		
2013092119512186400	CMDevMot	2013-09-21 19:51:21.863	R	22A7CFE3-2413-41D2-80F8-C693F17141F9		0.998939	0.045339	0.008053	-0.043861	0.990076	-0.133514	-0.014027	0.133020	0.991014	0.066800	0.005534	-0.022356	0.997501	0.014153	0.133415	-0.045762	0.005927	-0.170532	-0.299152	0.014027	-0.133020	-0.991014	0.017650	-0.014380	0.053392	0.000000	0.000000	0.000000	-1.000000	47134.543091		
2013092119512187000	CMDevMotMag	2013-09-21 19:51:21.870	R	22A7CFE3-2413-41D2-80F8-C693F17141F9		-142.948181	129.043030	-239.545883	0.000000	47134.573691		
2013092119512187900	CMGyro	2013-09-21 19:51:21.879	R	22A7CFE3-2413-41D2-80F8-C693F17141F9		0.341531	-0.084122	-0.346824	47134.574351		
2013092119512189600	CMDevMot	2013-09-21 19:51:21.895	R	22A7CFE3-2413-41D2-80F8-C693F17141F9		0.998442	0.055628	0.004414	-0.054498	0.989049	-0.137153	-0.011996	0.136699	0.990540	0.068652	0.004114	-0.027608	0.997250	0.012110	0.137128	-0.056185	0.230285	-0.065261	-0.369103	0.011996	-0.136699	-0.990540	0.006574	0.004741	0.021134	0.000000	0.000000	0.000000	-1.000000	47134.574351		
2013092119512191200	CMDevMotMag	2013-09-21 19:51:21.911	R	22A7CFE3-2413-41D2-80F8-C693F17141F9		-142.611832	128.372665	-237.905151	0.000000	47134.612264		
2013092119512191200	CMGyro	2013-09-21 19:51:21.912	R	22A7CFE3-2413-41D2-80F8-C693F17141F9		0.558984	0.111348	-0.297398	47134.605611		
2013092119512193100	CMDevMot	2013-09-21 19:51:21.931	R	22A7CFE3-2413-41D2-80F8-C693F17141F9		0.997725	0.067156	0.005847	-0.065529	0.986573	-0.149600	-0.015815	0.148877	0.988729	0.074872	0.005434	-0.033284	0.996623	0.015994	0.149432	-0.067965	0.447767	0.130228	-0.319678	0.015815	-0.148877	-0.988729	0.049340	-0.054141	-0.029948	0.000000	0.000000	0.000000	-1.000000	47134.605611		
2013092119512194600	CMGyro	2013-09-21 19:51:21.941	R	22A7CFE3-2413-41D2-80F8-C693F17141F9		0.495386	-0.059768	-0.098948	47134.636871		
2013092119512194900	CMDevMotMag	2013-09-21 19:51:21.949	R	22A7CFE3-2413-41D2-80F8-C693F17141F9		-141.602783	127.367142	-239.217728	0.000000	47134.651121		
2013092119512195700	CMDevMot	2013-09-21 19:51:21.957	R	22A7CFE3-2413-41D2-80F8-C693F17141F9		0.997254	0.073634	0.007935	-0.071305	0.983579	-0.165796	-0.020013	0.164775	0.986128	0.082986	0.007016	-0.036385	0.995862	0.020292	0.165530	-0.074724	0.384237	-0.040810	-0.121238	0.020013	-0.164775	-0.986128	0.039191	-0.018361	0.023375	0.000000	0.000000	0.000000	-1.000000	47134.636871		
2013092119512197300	CMGyro	2013-09-21 19:51:21.973	R	22A7CFE3-2413-41D2-80F8-C693F17141F9		0.183521	-0.257286	0.006515	47134.668131		
2013092119512198700	CMDevMotMag	2013-09-21 19:51:21.987	R	22A7CFE3-2413-41D2-80F8-C693F17141F9		-142.948181	126.696793	-239.874023	0.000000	47134.689975		
2013092119512198900	CMDevMot	2013-09-21 19:51:21.988	R	22A7CFE3-2413-41D2-80F8-C693F17141F9		0.997098	0.075952	0.005145	-0.073889	0.981843	-0.174711	-0.018321	0.173824	0.984606	0.087534	0.005893	-0.037632	0.995433	0.018605	0.174712	-0.077203	0.072505	-0.238221	-0.015787	0.018321	-0.173824	-0.984606	0.033422	-0.028660	0.004122	0.000000	0.000000	0.000000	-1.000000	47134.668131		
2013092119512200500	CMGyro	2013-09-21 19:51:22.004	R	22A7CFE3-2413-41D2-80F8-C693F17141F9		0.111888	-0.252582	0.109914	47134.699391		
2013092119512202100	CMDevMot	2013-09-21 19:51:22.020	R	22A7CFE3-2413-41D2-80F8-C693F17141F9		0.997186	0.074957	-0.001203	-0.073976	0.981280	-0.177815	-0.012147	0.177403	0.984063	0.089223	0.002749	-0.037409	0.995305	0.012344	0.178347	-0.076239	0.001011	-0.233433	0.087602	0.012147	-0.177403	-0.984063	0.019530	-0.029414	0.020288	0.000000	0.000000	0.000000	-1.000000	47134.699391		
2013092119512203000	CMDevMotMag	2013-09-21 19:51:22.030	R	22A7CFE3-2413-41D2-80F8-C693F17141F9		-143.116364	128.540253	-238.725510	0.000000	47134.728786		
2013092119512205100	CMGyro	2013-09-21 19:51:22.050	R	22A7CFE3-2413-41D2-80F8-C693F17141F9		0.110037	-0.183547	0.161551	47134.751491		
2013092119512206500	CMDevMotMag	2013-09-21 19:51:22.065	R	22A7CFE3-2413-41D2-80F8-C693F17141F9		-143.116364	127.869904	-239.053665	0.000000	47134.767677		
2013092119512206700	CMDevMot	2013-09-21 19:51:22.066	R	22A7CFE3-2413-41D2-80F8-C693F17141F9		0.997466	0.070753	-0.007430	-0.070942	0.981402	-0.178375	-0.005329	0.178450	0.983935	0.089624	-0.000528	-0.035590	0.995339	0.005416	0.179411	-0.071970	-0.000741	-0.164386	0.139239	0.005329	-0.178450	-0.983935	-0.014133	0.009215	-0.025984	0.000000	0.000000	0.000000	-1.000000	47134.751491		
2013092119512208300	CMGyro	2013-09-21 19:51:22.082	R	22A7CFE3-2413-41D2-80F8-C693F17141F9		0.184924	-0.162747	0.031871	47134.782751		
2013092119512209900	CMDevMot	2013-09-21 19:51:22.098	R	22A7CFE3-2413-41D2-80F8-C693F17141F9		0.997553	0.068725	-0.012880	-0.069921	0.981411	-0.178730	0.000358	0.179193	0.983814	0.089900	-0.003325	-0.034824	0.995336	-0.000364	0.180167	-0.069913	0.074079	-0.143650	0.009568	-0.000358	-0.179193	-0.983814	-0.014916	0.021448	0.028080	-15.945862	-5.322541	-39.693310	1.000000	47134.782751		
2013092119512210300	CMDevMotMag	2013-09-21 19:51:22.103	R	22A7CFE3-2413-41D2-80F8-C693F17141F9		-143.116364	126.529205	-238.397369	0.000000	47134.806543		
2013092119512211400	CMGyro	2013-09-21 19:51:22.113	R	22A7CFE3-2413-41D2-80F8-C693F17141F9		0.176096	-0.234896	0.074194	47134.814011		
2013092119512211900	Heading	2013-09-21 19:51:22.118	R	22A7CFE3-2413-41D2-80F8-C693F17141F9		86.094559	86.279732	35.000000	-15.594437	-6.726433	-39.667786	20130921195122116		
2013092119512213000	CMDevMot	2013-09-21 19:51:22.129	R	22A7CFE3-2413-41D2-80F8-C693F17141F9		0.997520	0.067963	-0.018322	-0.070157	0.981094	-0.180368	0.005717	0.181206	0.983428	0.090826	-0.006038	-0.034695	0.995244	-0.005813	0.182213	-0.069162	0.065252	-0.215799	0.051891	-0.005717	-0.181206	-0.983428	0.009181	-0.033073	0.037353	-16.158508	-5.353114	-39.603104	1.000000	47134.814011		
2013092119512214300	CMDevMotMag	2013-09-21 19:51:22.142	R	22A7CFE3-2413-41D2-80F8-C693F17141F9		-143.957230	128.707855	-237.248856	0.000000	47134.845342		
2013092119512214400	CMGyro	2013-09-21 19:51:22.144	R	22A7CFE3-2413-41D2-80F8-C693F17141F9		0.144446	-0.275245	0.037949	47134.845271		
2013092119512216100	CMDevMot	2013-09-21 19:51:22.161	R	22A7CFE3-2413-41D2-80F8-C693F17141F9		0.997461	0.066428	-0.025688	-0.070028	0.980491	-0.183669	0.012986	0.185001	0.982653	0.092625	-0.009716	-0.034283	0.995063	-0.013214	0.186073	-0.067646	0.033744	-0.256120	0.015644	-0.012986	-0.185001	-0.982653	-0.025741	-0.023007	0.072679	-16.290216	-5.382650	-39.545097	1.000000	47134.845271		
2013092119512217600	CMGyro	2013-09-21 19:51:22.176	R	22A7CFE3-2413-41D2-80F8-C693F17141F9		0.178369	-0.283844	-0.133031	47134.876531		
2013092119512218100	CMDevMotMag	2013-09-21 19:51:22.181	R	22A7CFE3-2413-41D2-80F8-C693F17141F9		-145.302628	128.707855	-238.889587	0.000000	47134.883923		
2013092119512219200	CMDevMot	2013-09-21 19:51:22.192	R	22A7CFE3-2413-41D2-80F8-C693F17141F9		0.997082	0.068599	-0.033492	-0.073564	0.980636	-0.181496	0.020393	0.183431	0.982821	0.091685	-0.013538	-0.035717	0.995055	-0.020747	0.184475	-0.069840	0.067507	-0.264760	-0.155331	-0.020393	-0.183431	-0.982821	-0.013451	0.059056	0.064150	-16.579350	-5.511687	-39.406918	1.000000	47134.876531		
2013092119512220700	CMGyro	2013-09-21 19:51:22.207	R	22A7CFE3-2413-41D2-80F8-C693F17141F9		-0.092739	-0.215827	-0.232810	47134.907791		
2013092119512222000	CMDevMotMag	2013-09-21 19:51:22.220	R	22A7CFE3-2413-41D2-80F8-C693F17141F9		-145.470795	126.864380	-238.069229	0.000000	47134.922737		
2013092119512222300	CMDevMot	2013-09-21 19:51:22.223	R	22A7CFE3-2413-41D2-80F8-C693F17141F9		0.996256	0.076428	-0.040396	-0.082481	0.980299	-0.179472	0.025884	0.182132	0.982933	0.090862	-0.016655	-0.039930	0.994923	-0.026327	0.183154	-0.077806	-0.203600	-0.196743	-0.255110	-0.025884	-0.182132	-0.982933	0.009786	-0.008145	0.115441	-17.013039	-5.566936	-39.213829	1.000000	47134.907791		
2013092119512223900	CMGyro	2013-09-21 19:51:22.239	R	22A7CFE3-2413-41D2-80F8-C693F17141F9		-0.341225	-0.184283	-0.150452	47134.939051		
2013092119512224700	Heading	2013-09-21 19:51:22.247	R	22A7CFE3-2413-41D2-80F8-C693F17141F9		84.829689	85.014862	35.000000	-16.788467	-6.206909	-39.410736	20130921195122245		
2013092119512225400	CMDevMot	2013-09-21 19:51:22.254	R	22A7CFE3-2413-41D2-80F8-C693F17141F9		0.995565	0.083099	-0.044096	-0.089474	0.981195	-0.171031	0.029054	0.174218	0.984278	0.086736	-0.018377	-0.043355	0.995118	-0.029510	0.175111	-0.084490	-0.451801	-0.165170	-0.172755	-0.029054	-0.174218	-0.984278	0.010576	-0.060661	0.042414	-17.190641	-5.420030	-39.156914	1.000000	47134.939051		
2013092119512225900	CMDevMotMag	2013-09-21 19:51:22.259	R	22A7CFE3-2413-41D2-80F8-C693F17141F9		-146.479843	128.875443	-237.412933	0.000000	47134.961557		
2013092119512227000	CMGyro	2013-09-21 19:51:22.270	R	22A7CFE3-2413-41D2-80F8-C693F17141F9		-0.242939	-0.214380	-0.037743	47134.970311		
2013092119512227300	Heading	2013-09-21 19:51:22.273	R	22A7CFE3-2413-41D2-80F8-C693F17141F9		86.395081	86.580254	35.000000	-17.292984	-6.374496	-39.279480	20130921195122271		
2013092119512228600	CMDevMot	2013-09-21 19:51:22.285	R	22A7CFE3-2413-41D2-80F8-C693F17141F9		0.994972	0.087510	-0.048714	-0.094184	0.982953	-0.157900	0.034066	0.161694	0.986253	0.080259	-0.020788	-0.045628	0.995512	-0.034527	0.162407	-0.088794	-0.353514	-0.195268	-0.060046	-0.034066	-0.161694	-0.986253	0.052300	-0.027378	-0.006728	-17.345303	-5.115246	-39.129704	1.000000	47134.970311		
2013092119512229800	CMDevMotMag	2013-09-21 19:51:22.298	R	22A7CFE3-2413-41D2-80F8-C693F17141F9		-145.807144	129.210617	-236.756638	0.000000	47135.000324		
2013092119512230100	CMGyro	2013-09-21 19:51:22.301	R	22A7CFE3-2413-41D2-80F8-C693F17141F9		-0.105169	-0.144427	0.201983	47135.001571		
2013092119512231700	CMDevMot	2013-09-21 19:51:22.317	R	22A7CFE3-2413-41D2-80F8-C693F17141F9		0.995033	0.085751	-0.050566	-0.092498	0.984165	-0.151208	0.036799	0.155135	0.987208	0.076909	-0.021933	-0.044751	0.995792	-0.037258	0.155764	-0.086911	-0.215592	-0.125068	0.179638	-0.036799	-0.155135	-0.987208	0.036112	-0.045885	-0.013204	-17.454475	-4.908028	-39.107689	1.000000	47135.001571		
2013092119512233300	CMGyro	2013-09-21 19:51:22.332	R	22A7CFE3-2413-41D2-80F8-C693F17141F9		-0.161426	-0.101238	0.275537	47135.032831		
2013092119512233600	CMDevMotMag	2013-09-21 19:51:22.336	R	22A7CFE3-2413-41D2-80F8-C693F17141F9		-146.816193	129.210617	-237.741074	0.000000	47135.039178		
2013092119512234800	CMDevMot	2013-09-21 19:51:22.348	R	22A7CFE3-2413-41D2-80F8-C693F17141F9		0.995551	0.078704	-0.051806	-0.085485	0.985688	-0.145300	0.039629	0.149082	0.988030	0.073880	-0.022947	-0.041206	0.996151	-0.040088	0.149640	-0.079678	-0.271669	-0.081813	0.253181	-0.039629	-0.149082	-0.988030	-0.038557	-0.056424	-0.074042	-17.559576	-4.614339	-39.096394	1.000000	47135.032831		
2013092119512236400	CMGyro	2013-09-21 19:51:22.363	R	22A7CFE3-2413-41D2-80F8-C693F17141F9		-0.038467	-0.218579	0.177380	47135.064091		
2013092119512237500	CMDevMotMag	2013-09-21 19:51:22.375	R	22A7CFE3-2413-41D2-80F8-C693F17141F9		-146.648026	129.378204	-237.248856	0.000000	47135.078013		
2013092119512237900	CMDevMot	2013-09-21 19:51:22.379	R	22A7CFE3-2413-41D2-80F8-C693F17141F9		0.995795	0.072588	-0.055890	-0.079708	0.987221	-0.137992	0.045160	0.141866	0.988855	0.070212	-0.025352	-0.038209	0.996478	-0.045637	0.142347	-0.073396	-0.148709	-0.199154	0.155024	-0.045160	-0.141866	-0.988855	-0.050971	-0.010889	-0.115332	-17.749540	-4.030742	-39.075130	1.000000	47135.064091		
2013092119512239500	CMGyro	2013-09-21 19:51:22.395	R	22A7CFE3-2413-41D2-80F8-C693F17141F9		0.100028	-0.360993	0.019958	47135.095351		
2013092119512241100	CMDevMot	2013-09-21 19:51:22.410	R	22A7CFE3-2413-41D2-80F8-C693F17141F9		0.995214	0.070758	-0.067396	-0.079417	0.987530	-0.135934	0.056937	0.140636	0.988423	0.069393	-0.031196	-0.037680	0.996389	-0.057541	0.141104	-0.071529	-0.010180	-0.341817	-0.002355	-0.056937	-0.140636	-0.988423	-0.030846	-0.033086	-0.003795	-18.031157	-3.794533	-38.969707	1.000000	47135.095351		
2013092119512241400	CMDevMotMag	2013-09-21 19:51:22.414	R	22A7CFE3-2413-41D2-80F8-C693F17141F9		-145.975327	130.383728	-237.577011	0.000000	47135.116865		
2013092119512242700	CMGyro	2013-09-21 19:51:22.427	R	22A7CFE3-2413-41D2-80F8-C693F17141F9		0.046567	-0.217208	0.112900	47135.126611		
2013092119512244200	CMDevMot	2013-09-21 19:51:22.442	R	22A7CFE3-2413-41D2-80F8-C693F17141F9		0.994505	0.069428	-0.078359	-0.079834	0.987124	-0.138608	0.067727	0.144102	0.987242	0.070954	-0.036664	-0.037462	0.996101	-0.068495	0.144605	-0.070218	-0.065253	-0.199594	0.089551	-0.067727	-0.144102	-0.987242	-0.020484	-0.071200	0.105651	-18.530861	-3.771464	-38.736832	1.000000	47135.126611		
2013092119512245300	CMDevMotMag	2013-09-21 19:51:22.453	R	22A7CFE3-2413-41D2-80F8-C693F17141F9		-146.479843	130.216141	-238.725510	0.000000	47135.155711		
2013092119512245400	Heading	2013-09-21 19:51:22.454	R	22A7CFE3-2413-41D2-80F8-C693F17141F9		84.723625	84.908798	35.000000	-18.789764	-4.346695	-38.803696	20130921195122453		
2013092119512245800	CMGyro	2013-09-21 19:51:22.458	R	22A7CFE3-2413-41D2-80F8-C693F17141F9		-0.083046	0.115029	0.122376	47135.157871		
2013092119512247300	CMDevMot	2013-09-21 19:51:22.473	R	22A7CFE3-2413-41D2-80F8-C693F17141F9		0.994744	0.066396	-0.077944	-0.076452	0.988019	-0.134063	0.068109	0.139317	0.987903	0.068597	-0.036648	-0.035844	0.996327	-0.068834	0.139772	-0.067101	-0.194865	0.132644	0.099028	-0.068109	-0.139317	-0.987903	-0.058951	-0.099681	0.104388	-18.749100	-3.905244	-38.618378	1.000000	47135.157871		
2013092119512247900	Heading	2013-09-21 19:51:22.479	R	22A7CFE3-2413-41D2-80F8-C693F17141F9		83.624702	83.809875	35.000000	-18.857025	-4.011505	-38.705261	20130921195122478		
2013092119512248900	CMGyro	2013-09-21 19:51:22.489	R	22A7CFE3-2413-41D2-80F8-C693F17141F9		-0.042876	0.271745	-0.000934	47135.189131		
2013092119512249300	CMDevMotMag	2013-09-21 19:51:22.492	R	22A7CFE3-2413-41D2-80F8-C693F17141F9		-146.479843	131.221680	-238.725510	0.000000	47135.194602		
2013092119512250500	CMDevMot	2013-09-21 19:51:22.505	R	22A7CFE3-2413-41D2-80F8-C693F17141F9		0.995334	0.065684	-0.070676	-0.074540	0.988577	-0.130996	0.061265	0.135653	0.988860	0.066890	-0.033098	-0.035176	0.996591	-0.061876	0.136072	-0.066346	-0.154648	0.289345	-0.024280	-0.061265	-0.135653	-0.988860	-0.010086	-0.046400	0.002868	-18.758055	-3.663208	-38.637741	1.000000	47135.189131		
2013092119512250600	Heading	2013-09-21 19:51:22.506	R	22A7CFE3-2413-41D2-80F8-C693F17141F9		82.602295	82.787468	35.000000	-18.722504	-3.709869	-38.934952	20130921195122504		
2013092119512252000	CMGyro	2013-09-21 19:51:22.520	R	22A7CFE3-2413-41D2-80F8-C693F17141F9		-0.084981	0.262575	0.011475	47135.220392		
2013092119512253000	CMDevMotMag	2013-09-21 19:51:22.530	R	22A7CFE3-2413-41D2-80F8-C693F17141F9		-146.311676	131.724442	-238.561447	0.000000	47135.233414		
2013092119512253200	Heading	2013-09-21 19:51:22.531	R	22A7CFE3-2413-41D2-80F8-C693F17141F9		81.389732	81.574905	35.000000	-18.756134	-3.207108	-39.099014	20130921195122530		
2013092119512253600	CMDevMot	2013-09-21 19:51:22.535	R	22A7CFE3-2413-41D2-80F8-C693F17141F9		0.995928	0.066976	-0.060351	-0.074445	0.988522	-0.131462	0.050854	0.135419	0.989482	0.066939	-0.027892	-0.035471	0.996736	-0.051349	0.135837	-0.067651	-0.196654	0.280199	-0.011878	-0.050854	-0.135419	-0.989482	0.020336	-0.082446	0.021190	-18.301691	-3.435226	-38.876808	1.000000	47135.220392		
2013092119512255200	CMGyro	2013-09-21 19:51:22.551	R	22A7CFE3-2413-41D2-80F8-C693F17141F9		-0.080360	0.185925	0.087030	47135.251652		
2013092119512256700	CMDevMot	2013-09-21 19:51:22.567	R	22A7CFE3-2413-41D2-80F8-C693F17141F9		0.996438	0.066204	-0.052238	-0.072297	0.989520	-0.124990	0.043416	0.128321	0.990782	0.063513	-0.023983	-0.034726	0.997088	-0.043792	0.128676	-0.066805	-0.192032	0.203549	0.063677	-0.043416	-0.128321	-0.990782	0.010808	-0.095357	-0.054232	-17.918890	-3.365568	-39.060791	1.000000	47135.251652		
2013092119512256900	CMDevMotMag	2013-09-21 19:51:22.569	R	22A7CFE3-2413-41D2-80F8-C693F17141F9		-145.638977	131.389267	-239.874023	0.000000	47135.272231		
2013092119512258300	CMGyro	2013-09-21 19:51:22.583	R	22A7CFE3-2413-41D2-80F8-C693F17141F9		0.133125	0.001038	-0.081322	47135.282912		
2013092119512258400	Heading	2013-09-21 19:51:22.584	R	22A7CFE3-2413-41D2-80F8-C693F17141F9		79.863220	80.048393	35.000000	-18.335693	-2.587006	-39.443542	20130921195122582		
2013092119512259800	CMDevMot	2013-09-21 19:51:22.598	R	22A7CFE3-2413-41D2-80F8-C693F17141F9		0.996578	0.066881	-0.048580	-0.072526	0.989421	-0.125645	0.039662	0.128738	0.990885	0.063780	-0.022124	-0.034953	0.997106	-0.040006	0.129097	-0.067494	0.021512	0.018663	-0.104676	-0.039662	-0.128738	-0.990885	-0.049464	-0.014801	-0.077184	-17.785830	-3.216272	-39.134113	1.000000	47135.282912		
2013092119512260900	CMDevMotMag	2013-09-21 19:51:22.609	R	22A7CFE3-2413-41D2-80F8-C693F17141F9		-146.311676	130.718903	-237.577011	0.000000	47135.311009		
2013092119512261400	CMGyro	2013-09-21 19:51:22.614	R	22A7CFE3-2413-41D2-80F8-C693F17141F9		0.353700	0.032819	-0.266426	47135.314172		
2013092119512262900	CMDevMot	2013-09-21 19:51:22.629	R	22A7CFE3-2413-41D2-80F8-C693F17141F9		0.996009	0.074345	-0.049379	-0.080244	0.988153	-0.130824	0.039067	0.134265	0.990175	0.066486	-0.022183	-0.038772	0.996787	-0.039435	0.134671	-0.075095	0.242109	0.050413	-0.289774	-0.039067	-0.134265	-0.990175	0.016439	-0.074521	-0.037810	-17.638742	-3.243992	-39.198341	1.000000	47135.314172		
2013092119512264500	CMGyro	2013-09-21 19:51:22.645	R	22A7CFE3-2413-41D2-80F8-C693F17141F9		0.388150	-0.002839	-0.128795	47135.345432		
2013092119512264700	CMDevMotMag	2013-09-21 19:51:22.647	R	22A7CFE3-2413-41D2-80F8-C693F17141F9		-145.807144	131.556854	-238.397369	0.000000	47135.349757		
2013092119512266200	CMDevMot	2013-09-21 19:51:22.661	R	22A7CFE3-2413-41D2-80F8-C693F17141F9		0.995562	0.081136	-0.047686	-0.087254	0.985629	-0.144642	0.035265	0.148161	0.988334	0.073481	-0.020817	-0.042259	0.996183	-0.035666	0.148709	-0.082133	0.276682	0.014798	-0.152155	-0.035265	-0.148161	-0.988334	0.038378	-0.098360	0.041404	-17.518167	-4.030681	-39.179413	1.000000	47135.345432		
2013092119512267700	CMGyro	2013-09-21 19:51:22.676	R	22A7CFE3-2413-41D2-80F8-C693F17141F9		0.248567	-0.061919	0.000513	47135.376692		
2013092119512268600	CMDevMotMag	2013-09-21 19:51:22.686	R	22A7CFE3-2413-41D2-80F8-C693F17141F9		-145.975327	129.043030	-238.561447	0.000000	47135.388700		
2013092119512269200	CMDevMot	2013-09-21 19:51:22.692	R	22A7CFE3-2413-41D2-80F8-C693F17141F9		0.995373	0.082882	-0.048609	-0.089506	0.983787	-0.155411	0.034940	0.159043	0.986653	0.078952	-0.020977	-0.043282	0.995717	-0.035398	0.159721	-0.084049	0.137233	-0.044266	-0.022853	-0.034940	-0.159043	-0.986653	0.013272	-0.081969	0.064565	-17.490408	-4.423566	-39.149414	1.000000	47135.376692		
2013092119512270800	CMGyro	2013-09-21 19:51:22.707	R	22A7CFE3-2413-41D2-80F8-C693F17141F9		0.210069	-0.127623	0.039880	47135.407952		
2013092119512272300	CMDevMot	2013-09-21 19:51:22.723	R	22A7CFE3-2413-41D2-80F8-C693F17141F9		0.995222	0.082131	-0.052801	-0.089664	0.982830	-0.161260	0.038650	0.165223	0.985499	0.081995	-0.022967	-0.043146	0.995433	-0.039198	0.165985	-0.083372	0.098822	-0.110002	0.016518	-0.038650	-0.165223	-0.985499	-0.021272	-0.057997	0.042521	-17.520044	-4.790826	-39.092903	1.000000	47135.407952		
2013092119512272500	CMDevMotMag	2013-09-21 19:51:22.724	R	22A7CFE3-2413-41D2-80F8-C693F17141F9		-145.807144	129.880966	-237.412933	0.000000	47135.427552		
2013092119512274000	CMGyro	2013-09-21 19:51:22.738	R	22A7CFE3-2413-41D2-80F8-C693F17141F9		0.307428	-0.131968	-0.043110	47135.439212		
2013092119512274000	Heading	2013-09-21 19:51:22.740	R	22A7CFE3-2413-41D2-80F8-C693F17141F9		80.888626	81.073799	35.000000	-17.948898	-4.145599	-39.459930	20130921195122737		
2013092119512275500	CMDevMot	2013-09-21 19:51:22.754	R	22A7CFE3-2413-41D2-80F8-C693F17141F9		0.994957	0.082772	-0.056657	-0.091112	0.982013	-0.165373	0.041950	0.169701	0.984602	0.084174	-0.024771	-0.043681	0.995185	-0.042580	0.170526	-0.084089	0.196181	-0.114347	-0.066472	-0.041950	-0.169701	-0.984602	-0.031460	-0.055855	0.008727	-17.628057	-4.963944	-39.022682	1.000000	47135.439212		
2013092119512276400	CMDevMotMag	2013-09-21 19:51:22.763	R	22A7CFE3-2413-41D2-80F8-C693F17141F9		-146.984375	129.043030	-236.920715	0.000000	47135.466447		
2013092119512277000	CMGyro	2013-09-21 19:51:22.770	R	22A7CFE3-2413-41D2-80F8-C693F17141F9		0.344872	-0.133251	-0.063638	47135.470472		
2013092119512278600	CMDevMot	2013-09-21 19:51:22.785	R	22A7CFE3-2413-41D2-80F8-C693F17141F9		0.994470	0.084595	-0.062237	-0.094309	0.980084	-0.174760	0.046213	0.179663	0.982642	0.089083	-0.027259	-0.044967	0.994635	-0.046995	0.180644	-0.086101	0.233712	-0.115669	-0.086994	-0.046213	-0.179663	-0.982642	-0.025701	-0.060160	0.005469	-17.760048	-5.155484	-38.937908	1.000000	47135.470472		
2013092119512279100	Heading	2013-09-21 19:51:22.790	R	22A7CFE3-2413-41D2-80F8-C693F17141F9		82.071625	82.256798	35.000000	-18.251617	-5.050568	-38.869247	20130921195122789		
2013092119512280100	CMGyro	2013-09-21 19:51:22.801	R	22A7CFE3-2413-41D2-80F8-C693F17141F9		0.389767	-0.193245	-0.068865	47135.501732		
2013092119512280200	CMDevMotMag	2013-09-21 19:51:22.802	R	22A7CFE3-2413-41D2-80F8-C693F17141F9		-145.470795	128.875443	-238.069229	0.000000	47135.505357		
2013092119512281600	CMDevMot	2013-09-21 19:51:22.816	R	22A7CFE3-2413-41D2-80F8-C693F17141F9		0.993825	0.086827	-0.069081	-0.098225	0.978042	-0.183809	0.051605	0.189460	0.980532	0.093877	-0.030353	-0.046541	0.994032	-0.052581	0.190612	-0.088544	0.278672	-0.175695	-0.092217	-0.051605	-0.189460	-0.980532	-0.015702	-0.064981	-0.028898	-18.050892	-5.837698	-38.707176	1.000000	47135.501732		
2013092119512283300	CMGyro	2013-09-21 19:51:22.832	R	22A7CFE3-2413-41D2-80F8-C693F17141F9		0.377808	-0.294553	-0.103680	47135.532992		
2013092119512284100	CMDevMotMag	2013-09-21 19:51:22.841	R	22A7CFE3-2413-41D2-80F8-C693F17141F9		-144.966278	128.707855	-237.577011	0.000000	47135.544154		
2013092119512284800	CMDevMot	2013-09-21 19:51:22.848	R	22A7CFE3-2413-41D2-80F8-C693F17141F9		0.993166	0.088439	-0.076154	-0.101904	0.975202	-0.196462	0.056890	0.202880	0.977550	0.100517	-0.033488	-0.047911	0.993217	-0.058131	0.204298	-0.090441	0.266783	-0.277016	-0.127031	-0.056890	-0.202880	-0.977550	-0.036539	-0.060075	0.111049	-18.249851	-6.344783	-38.533691	1.000000	47135.532992		
2013092119512286400	CMGyro	2013-09-21 19:51:22.864	R	22A7CFE3-2413-41D2-80F8-C693F17141F9		0.099074	0.107826	-0.209653	47135.564252		
2013092119512286800	Heading	2013-09-21 19:51:22.868	R	22A7CFE3-2413-41D2-80F8-C693F17141F9		80.424103	80.609276	35.000000	-18.184341	-5.653885	-38.770813	20130921195122867		
2013092119512288000	CMDevMot	2013-09-21 19:51:22.880	R	22A7CFE3-2413-41D2-80F8-C693F17141F9		0.992350	0.096245	-0.077320	-0.109708	0.974695	-0.194765	0.056618	0.201758	0.977798	0.099821	-0.033718	-0.051847	0.993081	-0.057839	0.203152	-0.098425	-0.011950	0.125362	-0.233004	-0.056618	-0.201758	-0.977798	-0.061745	-0.094629	0.010696	-18.437836	-6.643158	-38.393669	1.000000	47135.564252		
2013092119512288000	CMDevMotMag	2013-09-21 19:51:22.880	R	22A7CFE3-2413-41D2-80F8-C693F17141F9		-145.807144	126.864380	-238.397369	0.000000	47135.583081		
2013092119512289500	CMGyro	2013-09-21 19:51:22.895	R	22A7CFE3-2413-41D2-80F8-C693F17141F9		0.058646	0.213491	-0.175780	47135.595512		
2013092119512291100	CMDevMot	2013-09-21 19:51:22.910	R	22A7CFE3-2413-41D2-80F8-C693F17141F9		0.992025	0.102875	-0.072823	-0.115526	0.973174	-0.198963	0.050402	0.205789	0.977298	0.101923	-0.031030	-0.054997	0.992786	-0.051527	0.207270	-0.105320	-0.052267	0.230964	-0.199122	-0.050402	-0.205789	-0.977298	0.021028	-0.093863	0.005542	-18.360426	-6.672447	-38.425671	1.000000	47135.595512		
2013092119512291900	CMDevMotMag	2013-09-21 19:51:22.919	R	22A7CFE3-2413-41D2-80F8-C693F17141F9		-144.629929	127.367142	-238.233292	0.000000	47135.621903		
2013092119512292600	CMGyro	2013-09-21 19:51:22.926	R	22A7CFE3-2413-41D2-80F8-C693F17141F9		0.058553	0.270591	0.091309	47135.626772		
2013092119512294200	CMDevMot	2013-09-21 19:51:22.941	R	22A7CFE3-2413-41D2-80F8-C693F17141F9		0.992542	0.104364	-0.062994	-0.115103	0.972523	-0.202362	0.040143	0.208103	0.977283	0.103364	-0.025972	-0.055267	0.992767	-0.041053	0.209635	-0.106904	-0.052221	0.288138	0.067946	-0.040143	-0.208103	-0.977283	0.054456	-0.110012	-0.034390	-18.124290	-6.943453	-38.489708	1.000000	47135.626772		
2013092119512295800	CMGyro	2013-09-21 19:51:22.958	R	22A7CFE3-2413-41D2-80F8-C693F17141F9		-0.347854	0.257912	0.181277	47135.658033		
2013092119512295800	CMDevMotMag	2013-09-21 19:51:22.958	R	22A7CFE3-2413-41D2-80F8-C693F17141F9		-145.807144	129.880966	-238.725510	0.000000	47135.660813		
2013092119512297300	CMDevMot	2013-09-21 19:51:22.973	R	22A7CFE3-2413-41D2-80F8-C693F17141F9		0.993551	0.100612	-0.052287	-0.109037	0.974289	-0.197159	0.031106	0.201589	0.978976	0.100356	-0.020988	-0.052764	0.993330	-0.031763	0.202980	-0.102902	-0.458554	0.275501	0.157902	-0.031106	-0.201589	-0.978976	0.029763	-0.050609	0.019641	-17.559740	-6.939613	-38.751209	1.000000	47135.658033		
2013092119512298900	CMGyro	2013-09-21 19:51:22.989	R	22A7CFE3-2413-41D2-80F8-C693F17141F9		0.005922	0.135986	0.244589	47135.689293		
2013092119512299700	CMDevMotMag	2013-09-21 19:51:22.997	R	22A7CFE3-2413-41D2-80F8-C693F17141F9		-144.461761	128.540253	-237.741074	0.000000	47135.699687		
2013092119512300500	CMDevMot	2013-09-21 19:51:23.005	R	22A7CFE3-2413-41D2-80F8-C693F17141F9		0.994524	0.094773	-0.044048	-0.101444	0.976744	-0.188892	0.025122	0.192326	0.981010	0.095878	-0.017397	-0.049350	0.994017	-0.025603	0.193531	-0.096726	-0.104778	0.153574	0.221213	-0.025122	-0.192326	-0.981010	0.035651	0.014286	-0.221932	-17.209742	-6.436610	-38.994278	1.000000	47135.689293		
2013092119512302300	CMGyro	2013-09-21 19:51:23.020	R	22A7CFE3-2413-41D2-80F8-C693F17141F9		0.027961	0.016932	0.129512	47135.720553		
2013092119512303600	CMDevMotMag	2013-09-21 19:51:23.036	R	22A7CFE3-2413-41D2-80F8-C693F17141F9		-143.789062	128.875443	-239.709946	0.000000	47135.738425		
2013092119512303700	CMDevMot	2013-09-21 19:51:23.036	R	22A7CFE3-2413-41D2-80F8-C693F17141F9		0.994985	0.090482	-0.042647	-0.096921	0.977507	-0.187314	0.024739	0.190508	0.981374	0.095005	-0.016944	-0.047123	0.994216	-0.025203	0.191679	-0.092301	-0.082738	0.034521	0.106137	-0.024739	-0.190508	-0.981374	-0.003154	-0.021879	-0.090281	-17.094189	-6.193110	-39.084438	1.000000	47135.720553		
2013092119512304900	Heading	2013-09-21 19:51:23.049	R	22A7CFE3-2413-41D2-80F8-C693F17141F9		78.429016	78.614189	35.000000	-16.653946	-4.765671	-40.165451	20130921195123048		
2013092119512305200	CMGyro	2013-09-21 19:51:23.051	R	22A7CFE3-2413-41D2-80F8-C693F17141F9		-0.078228	0.023105	0.135883	47135.751813		
2013092119512306700	CMDevMot	2013-09-21 19:51:23.067	R	22A7CFE3-2413-41D2-80F8-C693F17141F9		0.995332	0.087330	-0.041077	-0.093428	0.978600	-0.183340	0.024187	0.186322	0.982191	0.092926	-0.016406	-0.045439	0.994500	-0.024621	0.187417	-0.089004	-0.188903	0.040694	0.112507	-0.024187	-0.186322	-0.982191	-0.001158	-0.019550	-0.089785	-17.090176	-6.122906	-39.097252	1.000000	47135.751813		
2013092119512307400	CMDevMotMag	2013-09-21 19:51:23.074	R	22A7CFE3-2413-41D2-80F8-C693F17141F9		-144.125412	130.551315	-238.069229	0.000000	47135.777359		
2013092119512308300	CMGyro	2013-09-21 19:51:23.083	R	22A7CFE3-2413-41D2-80F8-C693F17141F9		-0.162793	0.035124	0.186016	47135.783073		
2013092119512309900	CMDevMot	2013-09-21 19:51:23.098	R	22A7CFE3-2413-41D2-80F8-C693F17141F9		0.995743	0.083443	-0.039159	-0.089088	0.980248	-0.176568	0.023652	0.179305	0.983509	0.089422	-0.015783	-0.043353	0.994925	-0.024044	0.180280	-0.084920	-0.273457	0.052712	0.162640	-0.023652	-0.179305	-0.983509	-0.002746	-0.000901	-0.041210	-17.063190	-5.902280	-39.142937	1.000000	47135.783073		
2013092119512311300	CMDevMotMag	2013-09-21 19:51:23.113	R	22A7CFE3-2413-41D2-80F8-C693F17141F9		-145.975327	131.724442	-238.233292	0.000000	47135.816264		
2013092119512311400	CMGyro	2013-09-21 19:51:23.114	R	22A7CFE3-2413-41D2-80F8-C693F17141F9		-0.333543	-0.030849	0.271425	47135.814333		
2013092119512313000	CMDevMot	2013-09-21 19:51:23.130	R	22A7CFE3-2413-41D2-80F8-C693F17141F9		0.996329	0.077239	-0.036924	-0.082281	0.983053	-0.163818	0.023645	0.166255	0.985799	0.082880	-0.015209	-0.040055	0.995638	-0.023981	0.167030	-0.078410	-0.444248	-0.013261	0.248051	-0.023645	-0.166255	-0.985799	-0.001120	0.024897	-0.091227	-17.012844	-5.295342	-39.251514	1.000000	47135.814333		
2013092119512314600	CMGyro	2013-09-21 19:51:23.145	R	22A7CFE3-2413-41D2-80F8-C693F17141F9		-0.111070	-0.145355	0.247767	47135.845593		
2013092119512315200	CMDevMotMag	2013-09-21 19:51:23.152	R	22A7CFE3-2413-41D2-80F8-C693F17141F9		-143.789062	131.556854	-240.038101	0.000000	47135.855177		
2013092119512316100	CMDevMot	2013-09-21 19:51:23.161	R	22A7CFE3-2413-41D2-80F8-C693F17141F9		0.996803	0.070076	-0.038378	-0.075162	0.985368	-0.152969	0.027097	0.155365	0.987485	0.077378	-0.016431	-0.036448	0.996200	-0.027434	0.155997	-0.070997	-0.221774	-0.127767	0.224393	-0.027097	-0.155365	-0.987485	-0.039019	0.027405	-0.186678	-17.071354	-4.605497	-39.313065	1.000000	47135.845593		
2013092119512317700	CMGyro	2013-09-21 19:51:23.176	R	22A7CFE3-2413-41D2-80F8-C693F17141F9		0.401213	-0.253547	0.122928	47135.876853		
2013092119512319200	CMDevMotMag	2013-09-21 19:51:23.191	R	22A7CFE3-2413-41D2-80F8-C693F17141F9		-145.638977	130.048553	-237.577011	0.000000	47135.894012		
2013092119512319300	CMDevMot	2013-09-21 19:51:23.192	R	22A7CFE3-2413-41D2-80F8-C693F17141F9		0.996849	0.065273	-0.045078	-0.071497	0.985463	-0.154115	0.034363	0.156852	0.987024	0.078042	-0.019937	-0.034324	0.996160	-0.034801	0.157503	-0.066139	0.290510	-0.235959	0.099554	-0.034363	-0.156852	-0.987024	-0.035995	0.043998	-0.160422	-17.278721	-4.271629	-39.260132	1.000000	47135.876853		
2013092119512320800	CMGyro	2013-09-21 19:51:23.208	R	22A7CFE3-2413-41D2-80F8-C693F17141F9		0.734589	-0.100895	0.096249	47135.908113		
2013092119512322400	CMDevMot	2013-09-21 19:51:23.223	R	22A7CFE3-2413-41D2-80F8-C693F17141F9		0.996711	0.062298	-0.051836	-0.070277	0.982938	-0.169982	0.040362	0.173066	0.984083	0.086153	-0.023155	-0.033295	0.995456	-0.040992	0.173942	-0.063295	0.623886	-0.083307	0.072875	-0.040362	-0.173066	-0.984083	0.019992	0.007416	0.003858	-17.428219	-4.353679	-39.184963	1.000000	47135.908113		
2013092119512323100	CMDevMotMag	2013-09-21 19:51:23.231	R	22A7CFE3-2413-41D2-80F8-C693F17141F9		-144.629929	130.048553	-238.889587	0.000000	47135.932838		
2013092119512323200	Heading	2013-09-21 19:51:23.232	R	22A7CFE3-2413-41D2-80F8-C693F17141F9		77.066795	77.251968	35.000000	-17.427521	-3.123322	-40.001389	20130921195123230		
2013092119512323900	CMGyro	2013-09-21 19:51:23.239	R	22A7CFE3-2413-41D2-80F8-C693F17141F9		0.611710	0.338329	0.209735	47135.939374		
2013092119512325500	CMDevMot	2013-09-21 19:51:23.255	R	22A7CFE3-2413-41D2-80F8-C693F17141F9		0.997218	0.058169	-0.046610	-0.065955	0.979923	-0.188153	0.034730	0.190703	0.981033	0.095213	-0.020442	-0.031195	0.994758	-0.035387	0.191879	-0.059292	0.500999	0.355927	0.186359	-0.034730	-0.190703	-0.981033	0.049577	0.008163	0.115372	-17.662094	-4.961822	-39.007561	1.000000	47135.939374		
2013092119512325700	Heading	2013-09-21 19:51:23.256	R	22A7CFE3-2413-41D2-80F8-C693F17141F9		75.734680	75.919853	35.000000	-17.393890	-3.357941	-39.837326	20130921195123255		
2013092119512326900	CMDevMotMag	2013-09-21 19:51:23.268	R	22A7CFE3-2413-41D2-80F8-C693F17141F9		-145.302628	128.372665	-237.905151	0.000000	47135.971598		
2013092119512327000	CMGyro	2013-09-21 19:51:23.270	R	22A7CFE3-2413-41D2-80F8-C693F17141F9		0.245095	0.331208	0.720088	47135.970634		
2013092119512328600	CMDevMot	2013-09-21 19:51:23.286	R	22A7CFE3-2413-41D2-80F8-C693F17141F9		0.998459	0.043284	-0.034716	-0.049339	0.978841	-0.198585	0.025386	0.199992	0.979469	0.100187	-0.015107	-0.023282	0.994581	-0.025912	0.201350	-0.044191	0.134399	0.348830	0.696707	-0.025386	-0.199992	-0.979469	0.087581	-0.041143	0.051505	-17.218182	-5.767184	-39.095177	1.000000	47135.970634		
2013092119512330100	CMGyro	2013-09-21 19:51:23.301	R	22A7CFE3-2413-41D2-80F8-C693F17141F9		-0.194048	0.008605	0.866885	47136.001894		
2013092119512330700	CMDevMotMag	2013-09-21 19:51:23.307	R	22A7CFE3-2413-41D2-80F8-C693F17141F9		-144.125412	130.886490	-239.381805	0.000000	47136.010408		
2013092119512331700	CMDevMot	2013-09-21 19:51:23.317	R	22A7CFE3-2413-41D2-80F8-C693F17141F9		0.999461	0.017124	-0.028006	-0.022263	0.980560	-0.194950	0.024123	0.195469	0.980413	0.098091	-0.013097	-0.009896	0.995042	-0.024600	0.196735	-0.017462	-0.304744	0.026227	0.843504	-0.024123	-0.195469	-0.980413	0.087477	0.078373	0.023596	-16.913418	-5.515604	-39.264149	1.000000	47136.001894		
2013092119512333300	CMGyro	2013-09-21 19:51:23.333	R	22A7CFE3-2413-41D2-80F8-C693F17141F9		-0.395751	-0.119122	0.540130	47136.033154		
2013092119512334700	CMDevMotMag	2013-09-21 19:51:23.346	R	22A7CFE3-2413-41D2-80F8-C693F17141F9		-145.134445	132.562378	-240.038101	0.000000	47136.049353		
2013092119512334800	CMDevMot	2013-09-21 19:51:23.348	R	22A7CFE3-2413-41D2-80F8-C693F17141F9		0.999446	-0.002916	-0.033140	-0.003083	0.983743	-0.179558	0.033124	0.179560	0.983189	0.090159	-0.016636	-0.000042	0.995788	-0.033678	0.180539	0.002965	-0.506450	-0.101498	0.516748	-0.033124	-0.179560	-0.983189	0.033842	0.105143	0.140278	-17.062819	-4.663115	-39.309978	1.000000	47136.033154		
2013092119512336300	CMGyro	2013-09-21 19:51:23.363	R	22A7CFE3-2413-41D2-80F8-C693F17141F9		0.374745	0.610442	0.588972	47136.064414		
2013092119512338000	CMDevMot	2013-09-21 19:51:23.380	R	22A7CFE3-2413-41D2-80F8-C693F17141F9		0.999563	-0.018734	-0.022856	0.014423	0.984283	-0.176007	0.025794	0.175600	0.984124	0.088256	-0.012212	0.008322	0.995988	-0.026204	0.176515	0.019030	0.264046	0.628066	0.565591	-0.025794	-0.175600	-0.984124	0.051612	0.017244	0.136315	-17.215136	-4.182591	-39.297630	1.000000	47136.064414		
