2013092223104424800	Event	Test Begin	Default Test	2013-09-22 23:10:44.234	R	22A7CFE3-2413-41D2-80F8-C693F17141F9	ApioTest version 1.07		
2013092223104424800	Config	Local Default		DevMotRate	32.0	MagnetometerRate	32.0	LocDistanceFilter	20	AccelerometerRate	32.0	GyroRate	32.0		
2013092223104424800	Customer	22A7CFE3-2413-41D2-80F8-C693F17141F9	Kayla	Washenberger	6517697331			
2013092223104424800	Vehicle	Chevy	Monte Carlo	1999	Black			
2013092223104424800	Event	Text	Default Test	2013-09-22 23:10:44.234	R	22A7CFE3-2413-41D2-80F8-C693F17141F9	Driver		
2013092223104429400	CMGyro	2013-09-22 23:10:44.294	R	22A7CFE3-2413-41D2-80F8-C693F17141F9		0.269387	0.427596	0.056653	62473.517506		
2013092223104432500	CMDevMot	2013-09-22 23:10:44.325	R	22A7CFE3-2413-41D2-80F8-C693F17141F9		0.999997	-0.000162	0.002324	0.000164	1.000000	-0.000797	-0.002324	0.000798	0.999997	0.000399	0.001162	0.000081	0.999999	0.002324	0.000798	0.000162	0.153079	0.446013	0.031279	0.002324	-0.000798	-0.999997	0.000000	0.000000	0.000000	0.000000	0.000000	0.000000	-1.000000	62473.517506		
2013092223104432500	CMGyro	2013-09-22 23:10:44.325	R	22A7CFE3-2413-41D2-80F8-C693F17141F9		0.255646	0.043237	0.186881	62473.548765		
2013092223104433300	CMDevMotMag	2013-09-22 23:10:44.333	R	22A7CFE3-2413-41D2-80F8-C693F17141F9		-131.007812	118.820129	-234.459625	0.000000	62473.568018		
2013092223104433800	CMDevMot	2013-09-22 23:10:44.337	R	22A7CFE3-2413-41D2-80F8-C693F17141F9		0.992623	0.003323	0.121193	0.013372	0.990525	-0.136683	-0.120499	0.137295	0.983173	0.068785	0.060679	0.002523	0.995781	0.121953	0.137730	-0.003355	0.139340	0.061654	0.161508	0.120499	-0.137295	-0.983173	-0.176132	0.103985	-0.000576	0.000000	0.000000	0.000000	-1.000000	62473.548765		
2013092223104434400	Event	Bluetooth	Default Test	2013-09-22 23:10:44.343	R	22A7CFE3-2413-41D2-80F8-C693F17141F9	Bluetooth is currently powered on and available to use.		
2013092223104435400	CMGyro	2013-09-22 23:10:44.354	R	22A7CFE3-2413-41D2-80F8-C693F17141F9		-0.012253	0.077511	-0.055705	62473.580025		
2013092223104436100	Location	2013-09-22 23:10:44.361	R	22A7CFE3-2413-41D2-80F8-C693F17141F9		44.965401	-93.243115	257.217861	10.000000	3.000000	0.000000	38.671875	20130922231044316		
2013092223104436900	CMDevMot	2013-09-22 23:10:44.369	R	22A7CFE3-2413-41D2-80F8-C693F17141F9		0.992494	0.002542	0.122268	0.013985	0.990866	-0.134122	-0.121492	0.134825	0.983393	0.067518	0.061195	0.002873	0.995835	0.122921	0.135237	-0.002566	-0.128559	0.095928	-0.081077	0.121492	-0.134825	-0.983393	-0.160051	0.107283	-0.046285	0.000000	0.000000	0.000000	-1.000000	62473.580025		
2013092223104437200	CMDevMotMag	2013-09-22 23:10:44.372	R	22A7CFE3-2413-41D2-80F8-C693F17141F9		-132.521378	119.993256	-233.639267	0.000000	62473.606917		
2013092223104438500	CMGyro	2013-09-22 23:10:44.384	R	22A7CFE3-2413-41D2-80F8-C693F17141F9		0.284085	0.327467	0.004616	62473.611284		
2013092223104440100	CMDevMot	2013-09-22 23:10:44.401	R	22A7CFE3-2413-41D2-80F8-C693F17141F9		0.991467	0.004910	0.130267	0.012850	0.990742	-0.135149	-0.129725	0.135669	0.982225	0.068008	0.065289	0.001994	0.995544	0.131312	0.136089	-0.004956	0.167779	0.345884	-0.020757	0.129725	-0.135669	-0.982225	-0.079203	0.052677	-0.122817	0.000000	0.000000	0.000000	-1.000000	62473.611284		
2013092223104441100	CMDevMotMag	2013-09-22 23:10:44.410	R	22A7CFE3-2413-41D2-80F8-C693F17141F9		-131.848679	119.322906	-233.311127	0.000000	62473.645896		
2013092223104442800	CMGyro	2013-09-22 23:10:44.427	R	22A7CFE3-2413-41D2-80F8-C693F17141F9		0.243332	0.029861	0.101073	62473.642543		
2013092223104443500	CMDevMot	2013-09-22 23:10:44.434	R	22A7CFE3-2413-41D2-80F8-C693F17141F9		0.990587	0.004184	0.136824	0.015219	0.989970	-0.140454	-0.136039	0.141214	0.980588	0.070761	0.068550	0.002772	0.995131	0.137853	0.141687	-0.004227	0.127027	0.048278	0.075701	0.136039	-0.141214	-0.980588	-0.060325	0.083429	-0.128574	0.000000	0.000000	0.000000	-1.000000	62473.642543		
2013092223104444700	CMGyro	2013-09-22 23:10:44.447	R	22A7CFE3-2413-41D2-80F8-C693F17141F9		0.340686	-0.211255	0.078828	62473.673802		
2013092223104444900	CMDevMotMag	2013-09-22 23:10:44.449	R	22A7CFE3-2413-41D2-80F8-C693F17141F9		-132.016861	120.160843	-232.490753	0.000000	62473.684335		
2013092223104446400	CMDevMot	2013-09-22 23:10:44.462	R	22A7CFE3-2413-41D2-80F8-C693F17141F9		0.991157	0.002448	0.132671	0.017027	0.989218	-0.145458	-0.131597	0.146431	0.980429	0.073332	0.066393	0.003663	0.995088	0.133427	0.146959	-0.002475	0.224382	-0.192838	0.053456	0.131597	-0.146431	-0.980429	-0.094137	0.116752	-0.081431	0.000000	0.000000	0.000000	-1.000000	62473.673802		
2013092223104447900	CMGyro	2013-09-22 23:10:44.479	R	22A7CFE3-2413-41D2-80F8-C693F17141F9		0.422939	-0.151443	-0.045558	62473.705061		
2013092223104448800	CMDevMotMag	2013-09-22 23:10:44.488	R	22A7CFE3-2413-41D2-80F8-C693F17141F9		-131.680511	119.155304	-233.475189	0.000000	62473.723222		
2013092223104449400	CMDevMot	2013-09-22 23:10:44.494	R	22A7CFE3-2413-41D2-80F8-C693F17141F9		0.991809	0.004606	0.127648	0.015322	0.987844	-0.154690	-0.126809	0.155379	0.979682	0.077914	0.063940	0.002693	0.994904	0.128723	0.156011	-0.004662	0.306636	-0.133026	-0.070930	0.126809	-0.155379	-0.979682	-0.107964	0.120741	-0.010125	0.000000	0.000000	0.000000	-1.000000	62473.705061		
2013092223104451000	CMGyro	2013-09-22 23:10:44.510	R	22A7CFE3-2413-41D2-80F8-C693F17141F9		0.388762	-0.077347	0.013686	62473.736321		
2013092223104452600	CMDevMot	2013-09-22 23:10:44.526	R	22A7CFE3-2413-41D2-80F8-C693F17141F9		0.993518	0.005334	0.113554	0.012166	0.988173	-0.152859	-0.113026	0.153249	0.981702	0.076880	0.056906	0.001716	0.995414	0.114628	0.153856	-0.005398	0.272249	-0.059140	-0.011683	0.113026	-0.153249	-0.981702	-0.115376	0.107229	0.056669	0.000000	0.000000	0.000000	-1.000000	62473.736321		
2013092223104452800	CMDevMotMag	2013-09-22 23:10:44.528	R	22A7CFE3-2413-41D2-80F8-C693F17141F9		-131.175980	116.641479	-231.342255	0.000000	62473.762109		
2013092223104454100	CMGyro	2013-09-22 23:10:44.541	R	22A7CFE3-2413-41D2-80F8-C693F17141F9		0.284172	0.032861	-0.007676	62473.767580		
2013092223104455700	CMDevMot	2013-09-22 23:10:44.557	R	22A7CFE3-2413-41D2-80F8-C693F17141F9		0.994994	0.004588	0.099833	0.010159	0.989128	-0.146706	-0.099421	0.146986	0.984129	0.073716	0.050012	0.001398	0.996023	0.100682	0.147520	-0.004638	0.167354	0.050725	-0.033035	0.099421	-0.146986	-0.984129	-0.121912	0.103147	0.038603	0.000000	0.000000	0.000000	-1.000000	62473.767580		
2013092223104456700	CMDevMotMag	2013-09-22 23:10:44.567	R	22A7CFE3-2413-41D2-80F8-C693F17141F9		-132.016861	117.479431	-231.506317	0.000000	62473.800945		
2013092223104457300	CMGyro	2013-09-22 23:10:44.573	R	22A7CFE3-2413-41D2-80F8-C693F17141F9		0.246365	-0.099360	0.028204	62473.798839		
2013092223104458900	CMDevMot	2013-09-22 23:10:44.589	R	22A7CFE3-2413-41D2-80F8-C693F17141F9		0.995992	0.004004	0.089349	0.008683	0.989948	-0.141163	-0.089016	0.141373	0.985946	0.070883	0.044749	0.001174	0.996480	0.090041	0.141848	-0.004045	0.129264	-0.081775	0.002852	0.089016	-0.141373	-0.985946	-0.092663	0.096405	0.008575	0.000000	0.000000	0.000000	-1.000000	62473.798839		
2013092223104460300	CMGyro	2013-09-22 23:10:44.603	R	22A7CFE3-2413-41D2-80F8-C693F17141F9		0.154807	-0.046147	-0.058941	62473.830098		
2013092223104460600	CMDevMotMag	2013-09-22 23:10:44.606	R	22A7CFE3-2413-41D2-80F8-C693F17141F9		-132.016861	118.149780	-233.147049	0.000000	62473.839790		
2013092223104461900	CMDevMot	2013-09-22 23:10:44.619	R	22A7CFE3-2413-41D2-80F8-C693F17141F9		0.997302	0.003560	0.073328	0.006247	0.991085	-0.133085	-0.073148	0.133184	0.988388	0.066761	0.036726	0.000674	0.997093	0.073873	0.133581	-0.003592	0.037380	-0.028978	-0.084273	0.073148	-0.133184	-0.988388	-0.127668	0.105733	0.070694	0.000000	0.000000	0.000000	-1.000000	62473.830098		
2013092223104463600	CMGyro	2013-09-22 23:10:44.635	R	22A7CFE3-2413-41D2-80F8-C693F17141F9		0.158720	0.177777	-0.186420	62473.861357		
2013092223104464400	CMDevMotMag	2013-09-22 23:10:44.644	R	22A7CFE3-2413-41D2-80F8-C693F17141F9		-130.166931	117.311844	-232.654831	0.000000	62473.878623		
2013092223104465300	CMDevMot	2013-09-22 23:10:44.651	R	22A7CFE3-2413-41D2-80F8-C693F17141F9		0.996986	0.008571	0.077108	0.001862	0.990950	-0.134221	-0.077561	0.133960	0.987947	0.067248	0.038784	-0.001682	0.996981	0.078346	0.134364	-0.008649	0.041294	0.194946	-0.211752	0.077561	-0.133960	-0.987947	-0.139588	0.093814	0.037797	0.000000	0.000000	0.000000	-1.000000	62473.861357		
2013092223104466700	CMGyro	2013-09-22 23:10:44.666	R	22A7CFE3-2413-41D2-80F8-C693F17141F9		0.222871	0.101154	-0.205141	62473.892617		
2013092223104468500	CMDevMot	2013-09-22 23:10:44.685	R	22A7CFE3-2413-41D2-80F8-C693F17141F9		0.997280	0.014523	0.072257	-0.005062	0.991575	-0.129436	-0.073528	0.128719	0.988952	0.064719	0.036548	-0.004910	0.997222	0.074213	0.129077	-0.014646	0.105173	0.117925	-0.230449	0.073528	-0.128719	-0.988952	-0.096141	0.084880	0.005690	0.000000	0.000000	0.000000	-1.000000	62473.892617		
2013092223104468500	CMDevMotMag	2013-09-22 23:10:44.685	R	22A7CFE3-2413-41D2-80F8-C693F17141F9		-129.998764	118.484955	-232.490753	0.000000	62473.917094		
2013092223104469800	CMGyro	2013-09-22 23:10:44.698	R	22A7CFE3-2413-41D2-80F8-C693F17141F9		0.177018	0.057676	-0.198051	62473.923876		
2013092223104471300	CMDevMot	2013-09-22 23:10:44.713	R	22A7CFE3-2413-41D2-80F8-C693F17141F9		0.997484	0.021081	0.067691	-0.012391	0.991913	-0.126316	-0.069806	0.125159	0.989678	0.063034	0.034464	-0.008390	0.997381	0.070417	0.125488	-0.021250	0.059077	0.074159	-0.223344	0.069806	-0.125159	-0.989678	-0.073071	0.061790	0.076439	0.000000	0.000000	0.000000	-1.000000	62473.923876		
2013092223104472200	CMDevMotMag	2013-09-22 23:10:44.722	R	22A7CFE3-2413-41D2-80F8-C693F17141F9		-130.671463	118.484955	-231.834473	0.000000	62473.955995		
2013092223104472900	CMGyro	2013-09-22 23:10:44.729	R	22A7CFE3-2413-41D2-80F8-C693F17141F9		0.071974	-0.113772	-0.010862	62473.955135		
2013092223104474500	CMDevMot	2013-09-22 23:10:44.744	R	22A7CFE3-2413-41D2-80F8-C693F17141F9		0.997536	0.024623	0.065700	-0.016177	0.991884	-0.126115	-0.068273	0.124741	0.989838	0.062877	0.033580	-0.010226	0.997404	0.068864	0.125067	-0.024819	-0.046004	-0.097362	-0.036150	0.068273	-0.124741	-0.989838	-0.039510	0.011460	0.101150	0.000000	0.000000	0.000000	-1.000000	62473.955135		
2013092223104476100	CMDevMotMag	2013-09-22 23:10:44.761	R	22A7CFE3-2413-41D2-80F8-C693F17141F9		-130.671463	117.814606	-232.162613	0.000000	62473.994879		
2013092223104477600	CMGyro	2013-09-22 23:10:44.776	R	22A7CFE3-2413-41D2-80F8-C693F17141F9		-0.156916	-0.168155	0.019283	62474.002024		
2013092223104479200	CMDevMot	2013-09-22 23:10:44.791	R	22A7CFE3-2413-41D2-80F8-C693F17141F9		0.997828	0.024250	0.061239	-0.016762	0.992638	-0.119955	-0.063697	0.118668	0.990889	0.059795	0.031307	-0.010277	0.997667	0.064194	0.118949	-0.024425	-0.274893	-0.151746	-0.006005	0.063697	-0.118668	-0.990889	-0.080939	0.012421	0.069945	0.000000	0.000000	0.000000	-1.000000	62474.002024		
2013092223104480000	CMDevMotMag	2013-09-22 23:10:44.800	R	22A7CFE3-2413-41D2-80F8-C693F17141F9		-130.671463	118.149780	-230.193741	0.000000	62474.033706		
2013092223104480700	CMGyro	2013-09-22 23:10:44.807	R	22A7CFE3-2413-41D2-80F8-C693F17141F9		-0.138591	-0.125557	0.016459	62474.033283		
2013092223104482300	CMDevMot	2013-09-22 23:10:44.823	R	22A7CFE3-2413-41D2-80F8-C693F17141F9		0.998067	0.023792	0.057405	-0.017243	0.993558	-0.112009	-0.059700	0.110802	0.992048	0.055817	0.029336	-0.010280	0.997957	0.060106	0.111030	-0.023942	-0.256567	-0.109147	-0.008828	0.059700	-0.110802	-0.992048	-0.071312	0.006386	0.054594	0.000000	0.000000	0.000000	-1.000000	62474.033283		
2013092223104483800	CMGyro	2013-09-22 23:10:44.838	R	22A7CFE3-2413-41D2-80F8-C693F17141F9		-0.127045	-0.064832	0.004964	62474.064543		
2013092223104483900	CMDevMotMag	2013-09-22 23:10:44.839	R	22A7CFE3-2413-41D2-80F8-C693F17141F9		-131.175980	120.328430	-233.639267	0.000000	62474.072586		
2013092223104485400	CMDevMot	2013-09-22 23:10:44.853	R	22A7CFE3-2413-41D2-80F8-C693F17141F9		0.998475	0.023582	0.049908	-0.018291	0.994417	-0.103919	-0.052080	0.102848	0.993333	0.051781	0.025541	-0.010486	0.998277	0.052382	0.103030	-0.023710	-0.245027	-0.048720	-0.020295	0.052080	-0.102848	-0.993333	-0.053118	-0.007961	0.030534	0.000000	0.000000	0.000000	-1.000000	62474.064543		
2013092223104487000	CMGyro	2013-09-22 23:10:44.870	R	22A7CFE3-2413-41D2-80F8-C693F17141F9		-0.071926	0.045620	0.081482	62474.095802		
2013092223104487700	CMDevMotMag	2013-09-22 23:10:44.877	R	22A7CFE3-2413-41D2-80F8-C693F17141F9		-130.503281	119.993256	-232.654831	0.000000	62474.111335		
2013092223104488500	CMDevMot	2013-09-22 23:10:44.885	R	22A7CFE3-2413-41D2-80F8-C693F17141F9		0.998604	0.022164	0.047944	-0.017382	0.995039	-0.097960	-0.049877	0.096990	0.994035	0.048813	0.024493	-0.009902	0.998458	0.050134	0.097143	-0.022271	-0.189865	0.061551	0.056244	0.049877	-0.096990	-0.994035	-0.045757	-0.011851	-0.041121	0.000000	0.000000	0.000000	-1.000000	62474.095802		
2013092223104490100	CMGyro	2013-09-22 23:10:44.901	R	22A7CFE3-2413-41D2-80F8-C693F17141F9		0.006545	0.015876	0.030395	62474.127061		
2013092223104491700	CMDevMotMag	2013-09-22 23:10:44.916	R	22A7CFE3-2413-41D2-80F8-C693F17141F9		-130.503281	119.658081	-233.311127	0.000000	62474.150166		
2013092223104491800	CMDevMot	2013-09-22 23:10:44.917	R	22A7CFE3-2413-41D2-80F8-C693F17141F9		0.998729	0.020405	0.046078	-0.016060	0.995559	-0.092759	-0.047767	0.091902	0.994622	0.046229	0.023494	-0.009129	0.998613	0.047988	0.092031	-0.020493	-0.111440	0.031552	0.005181	0.047767	-0.091902	-0.994622	-0.050147	0.006407	-0.049873	0.000000	0.000000	0.000000	-1.000000	62474.127061		
2013092223104493200	CMGyro	2013-09-22 23:10:44.932	R	22A7CFE3-2413-41D2-80F8-C693F17141F9		0.092118	-0.116532	-0.006952	62474.158321		
2013092223104494800	CMDevMot	2013-09-22 23:10:44.948	R	22A7CFE3-2413-41D2-80F8-C693F17141F9		0.998907	0.020479	0.042013	-0.016537	0.995611	-0.092116	-0.043715	0.091321	0.994862	0.045920	0.021461	-0.009266	0.998672	0.043913	0.091448	-0.020567	-0.025790	-0.101060	-0.032144	0.043715	-0.091321	-0.994862	-0.039229	-0.018558	-0.023159	0.000000	0.000000	0.000000	-1.000000	62474.158321		
2013092223104495500	CMDevMotMag	2013-09-22 23:10:44.955	R	22A7CFE3-2413-41D2-80F8-C693F17141F9		-130.671463	120.160843	-232.162613	0.000000	62474.188998		
2013092223104496400	CMGyro	2013-09-22 23:10:44.963	R	22A7CFE3-2413-41D2-80F8-C693F17141F9		0.090349	-0.121853	-0.033933	62474.189580		
2013092223104498000	CMDevMot	2013-09-22 23:10:44.979	R	22A7CFE3-2413-41D2-80F8-C693F17141F9		0.999080	0.021769	0.036962	-0.018179	0.995329	-0.094818	-0.038853	0.094058	0.994808	0.047283	0.018979	-0.010000	0.998651	0.039036	0.094198	-0.021867	-0.027264	-0.106495	-0.059104	0.038853	-0.094058	-0.994808	-0.022038	-0.048367	0.059506	0.000000	0.000000	0.000000	-1.000000	62474.189580		
2013092223104499400	CMDevMotMag	2013-09-22 23:10:44.994	R	22A7CFE3-2413-41D2-80F8-C693F17141F9		-129.830582	118.987717	-233.967407	0.000000	62474.227828		
2013092223104499500	CMGyro	2013-09-22 23:10:44.994	R	22A7CFE3-2413-41D2-80F8-C693F17141F9		0.121432	-0.017238	-0.000040	62474.220839		
2013092223104501100	CMDevMot	2013-09-22 23:10:45.010	R	22A7CFE3-2413-41D2-80F8-C693F17141F9		0.999104	0.022985	0.035541	-0.019539	0.995338	-0.094445	-0.037547	0.093666	0.994895	0.047090	0.018296	-0.010645	0.998666	0.037721	0.093803	-0.023089	0.003819	-0.001879	-0.025210	0.037547	-0.093666	-0.994895	-0.021632	-0.077553	0.070838	0.000000	0.000000	0.000000	-1.000000	62474.220839		
2013092223104502500	CMGyro	2013-09-22 23:10:45.025	R	22A7CFE3-2413-41D2-80F8-C693F17141F9		0.103390	-0.083066	0.031434	62474.252098		
2013092223104503200	CMDevMotMag	2013-09-22 23:10:45.032	R	22A7CFE3-2413-41D2-80F8-C693F17141F9		-130.839630	119.993256	-232.654831	0.000000	62474.266672		
2013092223104504200	CMDevMot	2013-09-22 23:10:45.041	R	22A7CFE3-2413-41D2-80F8-C693F17141F9		0.999182	0.022914	0.033322	-0.019490	0.994828	-0.099687	-0.035434	0.098956	0.994461	0.049733	0.017214	-0.010616	0.998558	0.035616	0.099119	-0.023029	-0.013766	-0.067815	0.006288	0.035434	-0.098956	-0.994461	-0.016543	-0.074093	0.089874	0.000000	0.000000	0.000000	-1.000000	62474.252098		
2013092223104505900	CMGyro	2013-09-22 23:10:45.057	R	22A7CFE3-2413-41D2-80F8-C693F17141F9		0.115750	-0.039094	0.077879	62474.283358		
2013092223104507100	CMDevMotMag	2013-09-22 23:10:45.071	R	22A7CFE3-2413-41D2-80F8-C693F17141F9		-131.512329	118.987717	-231.670395	0.000000	62474.305427		
2013092223104507300	CMDevMot	2013-09-22 23:10:45.072	R	22A7CFE3-2413-41D2-80F8-C693F17141F9		0.999315	0.021569	0.030069	-0.018293	0.994273	-0.105289	-0.032168	0.104667	0.993987	0.052571	0.015584	-0.009981	0.998446	0.032351	0.104859	-0.021690	-0.000837	-0.023974	0.052764	0.032168	-0.104667	-0.993987	-0.032733	-0.087121	0.090209	0.000000	0.000000	0.000000	-1.000000	62474.283358		
2013092223104508800	CMGyro	2013-09-22 23:10:45.088	R	22A7CFE3-2413-41D2-80F8-C693F17141F9		0.099516	0.065356	0.096884	62474.314617		
2013092223104510400	CMDevMot	2013-09-22 23:10:45.104	R	22A7CFE3-2413-41D2-80F8-C693F17141F9		0.999363	0.019404	0.029939	-0.015967	0.993686	-0.111058	-0.031905	0.110509	0.993363	0.055486	0.015487	-0.008858	0.998300	0.032107	0.110735	-0.019525	-0.016444	0.080313	0.071806	0.031905	-0.110509	-0.993363	-0.026412	-0.104732	0.042664	0.000000	0.000000	0.000000	-1.000000	62474.314617		
2013092223104511000	CMDevMotMag	2013-09-22 23:10:45.110	R	22A7CFE3-2413-41D2-80F8-C693F17141F9		-131.512329	119.322906	-233.639267	0.000000	62474.344266		
2013092223104511900	CMGyro	2013-09-22 23:10:45.119	R	22A7CFE3-2413-41D2-80F8-C693F17141F9		0.116176	0.014589	0.176871	62474.345876		
2013092223104513500	CMDevMot	2013-09-22 23:10:45.135	R	22A7CFE3-2413-41D2-80F8-C693F17141F9		0.999403	0.015668	0.030800	-0.011992	0.993166	-0.116095	-0.032409	0.115656	0.992760	0.058044	0.015831	-0.006928	0.998164	0.032634	0.115915	-0.015775	-0.000991	0.030169	0.149672	0.032409	-0.115656	-0.992760	-0.014434	-0.088995	0.026223	0.000000	0.000000	0.000000	-1.000000	62474.345876		
2013092223104514900	CMDevMotMag	2013-09-22 23:10:45.149	R	22A7CFE3-2413-41D2-80F8-C693F17141F9		-130.166931	119.993256	-234.295563	0.000000	62474.383250		
2013092223104515100	CMGyro	2013-09-22 23:10:45.150	R	22A7CFE3-2413-41D2-80F8-C693F17141F9		0.073952	0.132714	0.239888	62474.377136		
2013092223104516700	CMDevMot	2013-09-22 23:10:45.166	R	22A7CFE3-2413-41D2-80F8-C693F17141F9		0.999466	0.009315	0.031313	-0.005511	0.992826	-0.119439	-0.032201	0.119203	0.992348	0.059776	0.015909	-0.003714	0.998078	0.032438	0.119487	-0.009382	-0.043132	0.148249	0.212697	0.032201	-0.119203	-0.992348	-0.045110	-0.078185	0.017219	0.000000	0.000000	0.000000	-1.000000	62474.377136		
2013092223104518200	CMGyro	2013-09-22 23:10:45.182	R	22A7CFE3-2413-41D2-80F8-C693F17141F9		0.020666	0.190429	0.246195	62474.408395		
2013092223104518800	CMDevMotMag	2013-09-22 23:10:45.188	R	22A7CFE3-2413-41D2-80F8-C693F17141F9		-132.185028	119.658081	-233.311127	0.000000	62474.422078		
2013092223104519800	CMDevMot	2013-09-22 23:10:45.198	R	22A7CFE3-2413-41D2-80F8-C693F17141F9		0.999296	0.002293	0.037442	0.002104	0.993135	-0.116957	-0.037453	0.116953	0.992431	0.058588	0.018759	-0.000047	0.998106	0.037721	0.117221	-0.002309	-0.096417	0.205964	0.219004	0.037453	-0.116953	-0.992431	-0.053658	-0.059698	-0.036469	0.000000	0.000000	0.000000	-1.000000	62474.408395		
2013092223104521500	CMGyro	2013-09-22 23:10:45.214	R	22A7CFE3-2413-41D2-80F8-C693F17141F9		0.104495	0.109230	0.152618	62474.439654		
2013092223104522700	CMDevMotMag	2013-09-22 23:10:45.227	R	22A7CFE3-2413-41D2-80F8-C693F17141F9		-130.839630	122.004318	-232.326691	0.000000	62474.460913		
2013092223104522900	CMDevMot	2013-09-22 23:10:45.229	R	22A7CFE3-2413-41D2-80F8-C693F17141F9		0.999180	-0.003377	0.040342	0.008067	0.993140	-0.116652	-0.039672	0.116882	0.992353	0.058496	0.020042	0.002866	0.998082	0.039956	0.117150	0.003400	-0.012552	0.124711	0.125436	0.039672	-0.116882	-0.992353	-0.048385	-0.044312	-0.106341	0.000000	0.000000	0.000000	-1.000000	62474.439654		
2013092223104524500	CMGyro	2013-09-22 23:10:45.244	R	22A7CFE3-2413-41D2-80F8-C693F17141F9		0.179076	-0.108187	0.095464	62474.470914		
2013092223104526000	CMDevMot	2013-09-22 23:10:45.260	R	22A7CFE3-2413-41D2-80F8-C693F17141F9		0.999238	-0.006189	0.038530	0.010788	0.992678	-0.120306	-0.037504	0.120630	0.991989	0.060356	0.019047	0.004253	0.997986	0.037788	0.120925	0.006235	0.062082	-0.092741	0.068288	0.037504	-0.120630	-0.991989	-0.031263	-0.059546	-0.078659	0.000000	0.000000	0.000000	-1.000000	62474.470914		
2013092223104526600	CMDevMotMag	2013-09-22 23:10:45.266	R	22A7CFE3-2413-41D2-80F8-C693F17141F9		-129.662415	120.831192	-233.803345	0.000000	62474.499732		
2013092223104527600	CMGyro	2013-09-22 23:10:45.276	R	22A7CFE3-2413-41D2-80F8-C693F17141F9		0.137217	-0.079616	0.014288	62474.502173		
2013092223104529200	CMDevMot	2013-09-22 23:10:45.291	R	22A7CFE3-2413-41D2-80F8-C693F17141F9		0.999371	-0.006752	0.034814	0.010937	0.992536	-0.121459	-0.033734	0.121763	0.991986	0.060928	0.017171	0.004431	0.997985	0.033993	0.122066	0.006803	0.020224	-0.064170	-0.012887	0.033734	-0.121763	-0.991986	-0.017865	-0.062654	-0.029224	0.000000	0.000000	0.000000	-1.000000	62474.502173		
2013092223104530400	CMDevMotMag	2013-09-22 23:10:45.304	R	22A7CFE3-2413-41D2-80F8-C693F17141F9		-130.335114	118.820129	-231.506317	0.000000	62474.538522		
2013092223104530700	CMGyro	2013-09-22 23:10:45.307	R	22A7CFE3-2413-41D2-80F8-C693F17141F9		0.077955	0.203479	0.102255	62474.533432		
2013092223104532300	CMDevMot	2013-09-22 23:10:45.323	R	22A7CFE3-2413-41D2-80F8-C693F17141F9		0.999216	-0.007442	0.038875	0.012205	0.992237	-0.123760	-0.037652	0.124137	0.991550	0.062106	0.019172	0.004922	0.997873	0.037954	0.124458	0.007500	-0.038974	0.218929	0.075079	0.037652	-0.124137	-0.991550	0.055656	-0.051263	-0.091534	0.000000	0.000000	0.000000	-1.000000	62474.533432		
2013092223104533800	CMGyro	2013-09-22 23:10:45.338	R	22A7CFE3-2413-41D2-80F8-C693F17141F9		-0.039229	0.044650	0.157303	62474.564692		
2013092223104534300	CMDevMotMag	2013-09-22 23:10:45.343	R	22A7CFE3-2413-41D2-80F8-C693F17141F9		-131.175980	118.987717	-232.982971	0.000000	62474.577329		
2013092223104535400	CMDevMot	2013-09-22 23:10:45.354	R	22A7CFE3-2413-41D2-80F8-C693F17141F9		0.998981	-0.011506	0.043632	0.016696	0.992569	-0.120529	-0.041921	0.121134	0.991750	0.060542	0.021433	0.007065	0.997910	0.042245	0.121433	0.011591	-0.156157	0.060099	0.130128	0.041921	-0.121134	-0.991750	0.035761	0.011149	-0.184168	0.000000	0.000000	0.000000	-1.000000	62474.564692		
2013092223104537000	CMGyro	2013-09-22 23:10:45.370	R	22A7CFE3-2413-41D2-80F8-C693F17141F9		-0.023828	-0.215064	0.116405	62474.595951		
2013092223104538200	CMDevMotMag	2013-09-22 23:10:45.382	R	22A7CFE3-2413-41D2-80F8-C693F17141F9		-131.848679	119.993256	-232.982971	0.000000	62474.616097		
2013092223104538600	CMDevMot	2013-09-22 23:10:45.385	R	22A7CFE3-2413-41D2-80F8-C693F17141F9		0.999058	-0.015279	0.040621	0.019883	0.993113	-0.115462	-0.038577	0.116161	0.992481	0.058017	0.019838	0.008808	0.998080	0.038850	0.116424	0.015384	-0.140755	-0.199615	0.089231	0.038577	-0.116161	-0.992481	0.012143	0.068829	-0.208676	0.000000	0.000000	0.000000	-1.000000	62474.595951		
2013092223104540100	CMGyro	2013-09-22 23:10:45.401	R	22A7CFE3-2413-41D2-80F8-C693F17141F9		0.070170	-0.105924	0.065405	62474.627210		
2013092223104541700	CMDevMot	2013-09-22 23:10:45.417	R	22A7CFE3-2413-41D2-80F8-C693F17141F9		0.999230	-0.017534	0.035087	0.021397	0.993372	-0.112936	-0.032874	0.113600	0.992983	0.056736	0.017021	0.009750	0.998196	0.033095	0.113846	0.017649	-0.046757	-0.090474	0.038230	0.032874	-0.113600	-0.992983	-0.041175	0.086714	-0.097685	0.000000	0.000000	0.000000	-1.000000	62474.627210		
2013092223104542100	CMDevMotMag	2013-09-22 23:10:45.421	R	22A7CFE3-2413-41D2-80F8-C693F17141F9		-131.344162	120.496017	-233.147049	0.000000	62474.654958		
2013092223104543200	CMGyro	2013-09-22 23:10:45.432	R	22A7CFE3-2413-41D2-80F8-C693F17141F9		0.242758	0.363584	-0.095504	62474.658470		
2013092223104544800	CMDevMot	2013-09-22 23:10:45.448	R	22A7CFE3-2413-41D2-80F8-C693F17141F9		0.999137	-0.016377	0.038178	0.020471	0.993782	-0.109444	-0.036149	0.110131	0.993260	0.054989	0.018614	0.009228	0.998271	0.036378	0.110354	0.016478	0.125704	0.378962	-0.122670	0.036149	-0.110131	-0.993260	-0.068116	0.092812	-0.050060	0.000000	0.000000	0.000000	-1.000000	62474.658470		
2013092223104546000	CMDevMotMag	2013-09-22 23:10:45.459	R	22A7CFE3-2413-41D2-80F8-C693F17141F9		-130.166931	119.993256	-231.998535	0.000000	62474.693790		
2013092223104546300	CMGyro	2013-09-22 23:10:45.463	R	22A7CFE3-2413-41D2-80F8-C693F17141F9		0.488564	0.299963	-0.177324	62474.689729		
2013092223104547900	CMDevMot	2013-09-22 23:10:45.479	R	22A7CFE3-2413-41D2-80F8-C693F17141F9		0.998709	-0.010417	0.049722	0.016081	0.993245	-0.114913	-0.048189	0.115564	0.992130	0.057734	0.024527	0.006638	0.998009	0.048533	0.115823	0.010487	0.371435	0.315321	-0.204489	0.048189	-0.115564	-0.992130	0.018339	0.082926	-0.071773	0.000000	0.000000	0.000000	-1.000000	62474.689729		
2013092223104549500	CMGyro	2013-09-22 23:10:45.495	R	22A7CFE3-2413-41D2-80F8-C693F17141F9		0.514196	0.051563	-0.145346	62474.720988		
2013092223104549900	CMDevMotMag	2013-09-22 23:10:45.498	R	22A7CFE3-2413-41D2-80F8-C693F17141F9		-130.166931	120.328430	-232.326691	0.000000	62474.732659		
2013092223104551100	CMDevMot	2013-09-22 23:10:45.511	R	22A7CFE3-2413-41D2-80F8-C693F17141F9		0.998391	-0.003092	0.056620	0.010168	0.992091	-0.125106	-0.055785	0.125481	0.990526	0.062796	0.028168	0.003323	0.997623	0.056259	0.125812	0.003117	0.396992	0.066981	-0.172520	0.055785	-0.125481	-0.990526	0.076753	0.071068	0.084078	0.000000	0.000000	0.000000	-1.000000	62474.720988		
2013092223104552600	CMGyro	2013-09-22 23:10:45.525	R	22A7CFE3-2413-41D2-80F8-C693F17141F9		0.339217	0.025399	0.078038	62474.752248		
2013092223104553700	CMDevMotMag	2013-09-22 23:10:45.537	R	22A7CFE3-2413-41D2-80F8-C693F17141F9		-130.335114	120.160843	-232.818909	0.000000	62474.771235		
2013092223104554200	CMDevMot	2013-09-22 23:10:45.541	R	22A7CFE3-2413-41D2-80F8-C693F17141F9		0.998322	-0.001031	0.057891	0.008820	0.990881	-0.134453	-0.057224	0.134738	0.989227	0.067480	0.028857	0.002469	0.997300	0.057783	0.135149	0.001040	0.222014	0.040817	0.050863	0.057224	-0.134738	-0.989227	0.092525	0.058734	0.153687	0.000000	0.000000	0.000000	-1.000000	62474.752248		
2013092223104555700	CMGyro	2013-09-22 23:10:45.557	R	22A7CFE3-2413-41D2-80F8-C693F17141F9		0.113909	0.015063	0.317945	62474.783507		
2013092223104557300	CMDevMot	2013-09-22 23:10:45.573	R	22A7CFE3-2413-41D2-80F8-C693F17141F9		0.998203	-0.007208	0.059488	0.015343	0.990389	-0.137457	-0.057925	0.138122	0.988720	0.069091	0.029437	0.005654	0.997160	0.058519	0.138565	0.007278	-0.003293	0.030481	0.290771	0.057925	-0.138122	-0.988720	0.053159	0.086029	0.122875	0.000000	0.000000	0.000000	-1.000000	62474.783507		
2013092223104557600	CMDevMotMag	2013-09-22 23:10:45.576	R	22A7CFE3-2413-41D2-80F8-C693F17141F9		-131.344162	120.496017	-233.475189	0.000000	62474.810065		
2013092223104558900	CMGyro	2013-09-22 23:10:45.588	R	22A7CFE3-2413-41D2-80F8-C693F17141F9		-0.069238	-0.049977	0.423125	62474.814767		
2013092223104560400	CMDevMot	2013-09-22 23:10:45.604	R	22A7CFE3-2413-41D2-80F8-C693F17141F9		0.998093	-0.018583	0.058866	0.026338	0.990652	-0.133847	-0.055829	0.135142	0.989252	0.067433	0.028753	0.011261	0.997246	0.056376	0.135557	0.018756	-0.186439	-0.034559	0.395951	0.055829	-0.135142	-0.989252	0.006793	0.095454	0.099726	0.000000	0.000000	0.000000	-1.000000	62474.814767		
2013092223104561500	CMDevMotMag	2013-09-22 23:10:45.615	R	22A7CFE3-2413-41D2-80F8-C693F17141F9		-131.848679	119.658081	-233.967407	0.000000	62474.849022		
2013092223104562000	CMGyro	2013-09-22 23:10:45.619	R	22A7CFE3-2413-41D2-80F8-C693F17141F9		-0.297334	0.017953	0.513391	62474.846026		
2013092223104563500	CMDevMot	2013-09-22 23:10:45.635	R	22A7CFE3-2413-41D2-80F8-C693F17141F9		0.997712	-0.033550	0.058697	0.040657	0.991396	-0.124425	-0.054018	0.126526	0.990491	0.062898	0.028251	0.018599	0.997447	0.054482	0.126866	0.033828	-0.414534	0.033371	0.486218	0.054018	-0.126526	-0.990491	-0.019121	0.107529	0.059965	0.000000	0.000000	0.000000	-1.000000	62474.846026		
2013092223104565100	CMGyro	2013-09-22 23:10:45.651	R	22A7CFE3-2413-41D2-80F8-C693F17141F9		-0.280864	0.011507	0.471443	62474.877285		
2013092223104565400	CMDevMotMag	2013-09-22 23:10:45.654	R	22A7CFE3-2413-41D2-80F8-C693F17141F9		-130.671463	121.836731	-232.162613	0.000000	62474.887948		
2013092223104566700	CMDevMot	2013-09-22 23:10:45.666	R	22A7CFE3-2413-41D2-80F8-C693F17141F9		0.997064	-0.049034	0.058812	0.055221	0.992544	-0.108662	-0.053045	0.111590	0.992338	0.055188	0.028028	0.026123	0.997741	0.053404	0.111823	0.049363	-0.398122	0.026906	0.444271	0.053045	-0.111590	-0.992338	-0.060629	0.116885	-0.125048	0.000000	0.000000	0.000000	-1.000000	62474.877285		
2013092223104568200	CMGyro	2013-09-22 23:10:45.682	R	22A7CFE3-2413-41D2-80F8-C693F17141F9		0.028567	-0.125043	0.150915	62474.908545		
2013092223104569300	CMDevMotMag	2013-09-22 23:10:45.693	R	22A7CFE3-2413-41D2-80F8-C693F17141F9		-132.016861	120.160843	-232.490753	0.000000	62474.926752		
2013092223104569800	CMDevMot	2013-09-22 23:10:45.698	R	22A7CFE3-2413-41D2-80F8-C693F17141F9		0.996672	-0.058228	0.057045	0.063846	0.992713	-0.102196	-0.050679	0.105498	0.993127	0.052038	0.026990	0.030585	0.997812	0.050985	0.105695	0.058588	-0.088690	-0.109645	0.123742	0.050679	-0.105498	-0.993127	-0.119878	0.157546	-0.107489	0.000000	0.000000	0.000000	-1.000000	62474.908545		
2013092223104571300	CMGyro	2013-09-22 23:10:45.713	R	22A7CFE3-2413-41D2-80F8-C693F17141F9		0.219091	-0.236964	-0.075587	62474.939804		
2013092223104572900	CMDevMot	2013-09-22 23:10:45.729	R	22A7CFE3-2413-41D2-80F8-C693F17141F9		0.997243	-0.057616	0.046755	0.062001	0.993202	-0.098521	-0.040761	0.101149	0.994036	0.050015	0.021921	0.029963	0.998058	0.040982	0.101322	0.057945	0.101648	-0.221725	-0.102745	0.040761	-0.101149	-0.994036	-0.062901	0.082197	-0.010465	0.000000	0.000000	0.000000	-1.000000	62474.939804		
2013092223104573200	CMDevMotMag	2013-09-22 23:10:45.731	R	22A7CFE3-2413-41D2-80F8-C693F17141F9		-132.689545	120.160843	-232.818909	0.000000	62474.965487		
2013092223104574500	CMGyro	2013-09-22 23:10:45.744	R	22A7CFE3-2413-41D2-80F8-C693F17141F9		0.201868	-0.264324	-0.063615	62474.971063		
2013092223104576100	CMDevMot	2013-09-22 23:10:45.760	R	22A7CFE3-2413-41D2-80F8-C693F17141F9		0.997770	-0.054169	0.038994	0.057883	0.993158	-0.101425	-0.033233	0.103456	0.994079	0.051317	0.018091	0.028066	0.998124	0.033419	0.103642	0.054489	0.084397	-0.249103	-0.090771	0.033233	-0.103456	-0.994079	-0.005905	0.014742	0.105437	0.000000	0.000000	0.000000	-1.000000	62474.971063		
2013092223104577100	CMDevMotMag	2013-09-22 23:10:45.771	R	22A7CFE3-2413-41D2-80F8-C693F17141F9		-131.512329	122.004318	-232.654831	0.000000	62475.004395		
2013092223104577600	CMGyro	2013-09-22 23:10:45.776	R	22A7CFE3-2413-41D2-80F8-C693F17141F9		0.082077	-0.139363	-0.043159	62475.002323		
2013092223104579300	CMDevMot	2013-09-22 23:10:45.791	R	22A7CFE3-2413-41D2-80F8-C693F17141F9		0.998090	-0.052069	0.033237	0.055216	0.993242	-0.102085	-0.027697	0.103725	0.994220	0.051546	0.015261	0.026870	0.998192	0.027851	0.103912	0.052376	-0.035394	-0.124142	-0.070315	0.027697	-0.103725	-0.994220	-0.012393	0.012615	0.116443	0.000000	0.000000	0.000000	-1.000000	62475.002323		
2013092223104580700	CMGyro	2013-09-22 23:10:45.807	R	22A7CFE3-2413-41D2-80F8-C693F17141F9		0.046779	-0.132425	-0.010939	62475.033582		
2013092223104580900	CMDevMotMag	2013-09-22 23:10:45.809	R	22A7CFE3-2413-41D2-80F8-C693F17141F9		-130.839630	120.663605	-232.654831	0.000000	62475.043262		
2013092223104582300	CMDevMot	2013-09-22 23:10:45.823	R	22A7CFE3-2413-41D2-80F8-C693F17141F9		0.998284	-0.050313	0.029961	0.053076	0.993573	-0.099975	-0.024738	0.101394	0.994539	0.050428	0.013698	0.025891	0.998298	0.024869	0.101569	0.050595	-0.070691	-0.117204	-0.038095	0.024738	-0.101394	-0.994539	0.020291	-0.006241	0.041170	0.000000	0.000000	0.000000	-1.000000	62475.033582		
2013092223104583900	CMGyro	2013-09-22 23:10:45.839	R	22A7CFE3-2413-41D2-80F8-C693F17141F9		0.023015	-0.266377	-0.013603	62475.064842		
2013092223104584800	CMDevMotMag	2013-09-22 23:10:45.848	R	22A7CFE3-2413-41D2-80F8-C693F17141F9		-132.689545	120.831192	-232.490753	0.000000	62475.081928		
2013092223104585400	CMDevMot	2013-09-22 23:10:45.854	R	22A7CFE3-2413-41D2-80F8-C693F17141F9		0.998483	-0.049343	0.024426	0.051520	0.993812	-0.098408	-0.019419	0.099517	0.994846	0.049561	0.010979	0.025256	0.998391	0.019517	0.099682	0.049610	-0.094433	-0.251129	-0.040762	0.019419	-0.099517	-0.994846	0.006033	0.001022	0.067860	0.000000	0.000000	0.000000	-1.000000	62475.064842		
2013092223104587000	CMGyro	2013-09-22 23:10:45.870	R	22A7CFE3-2413-41D2-80F8-C693F17141F9		0.042204	-0.248969	-0.060643	62475.096101		
2013092223104588600	CMDevMot	2013-09-22 23:10:45.885	R	22A7CFE3-2413-41D2-80F8-C693F17141F9		0.998745	-0.047419	0.016130	0.048759	0.994141	-0.096468	-0.011461	0.097133	0.995205	0.048472	0.006908	0.024080	0.998510	0.011516	0.097286	0.047663	-0.075216	-0.233721	-0.087801	0.011461	-0.097133	-0.995205	-0.003709	-0.002247	0.083630	0.000000	0.000000	0.000000	-1.000000	62475.096101		
2013092223104588700	CMDevMotMag	2013-09-22 23:10:45.887	R	22A7CFE3-2413-41D2-80F8-C693F17141F9		-134.371292	120.496017	-233.803345	0.000000	62475.120753		
2013092223104590100	CMGyro	2013-09-22 23:10:45.901	R	22A7CFE3-2413-41D2-80F8-C693F17141F9		0.082848	-0.135370	-0.170227	62475.127360		
2013092223104591700	CMDevMot	2013-09-22 23:10:45.916	R	22A7CFE3-2413-41D2-80F8-C693F17141F9		0.999029	-0.042812	0.010441	0.043620	0.994401	-0.096248	-0.006262	0.096610	0.995303	0.048283	0.004182	0.021639	0.998591	0.006292	0.096761	0.043027	-0.034528	-0.120143	-0.197381	0.006262	-0.096610	-0.995303	-0.010565	-0.013482	0.082217	0.000000	0.000000	0.000000	-1.000000	62475.127360		
2013092223104592600	CMDevMotMag	2013-09-22 23:10:45.926	R	22A7CFE3-2413-41D2-80F8-C693F17141F9		-134.203125	120.663605	-233.639267	0.000000	62475.159565		
2013092223104593200	CMGyro	2013-09-22 23:10:45.932	R	22A7CFE3-2413-41D2-80F8-C693F17141F9		0.077305	-0.104470	-0.273191	62475.158620		
2013092223104594800	CMDevMot	2013-09-22 23:10:45.948	R	22A7CFE3-2413-41D2-80F8-C693F17141F9		0.999354	-0.035244	0.007057	0.035760	0.994707	-0.096333	-0.003624	0.096523	0.995324	0.048278	0.002674	0.017775	0.998672	0.003641	0.096674	0.035416	-0.040026	-0.089264	-0.300341	0.003624	-0.096523	-0.995324	-0.011330	-0.017780	0.053658	0.000000	0.000000	0.000000	-1.000000	62475.158620		
2013092223104596400	CMGyro	2013-09-22 23:10:45.964	R	22A7CFE3-2413-41D2-80F8-C693F17141F9		0.235175	-0.045179	-0.370450	62475.189879		
2013092223104596500	CMDevMotMag	2013-09-22 23:10:45.965	R	22A7CFE3-2413-41D2-80F8-C693F17141F9		-132.185028	119.993256	-232.654831	0.000000	62475.198346		
2013092223104597900	CMDevMot	2013-09-22 23:10:45.979	R	22A7CFE3-2413-41D2-80F8-C693F17141F9		0.999703	-0.023811	0.005284	0.024213	0.994941	-0.097502	-0.002936	0.097601	0.995221	0.048837	0.002058	0.012021	0.998732	0.002950	0.097756	0.023927	0.117845	-0.029973	-0.397601	0.002936	-0.097601	-0.995221	0.014657	-0.048457	0.005033	0.000000	0.000000	0.000000	-1.000000	62475.189879		
2013092223104599500	CMGyro	2013-09-22 23:10:45.995	R	22A7CFE3-2413-41D2-80F8-C693F17141F9		0.268701	0.026312	-0.399419	62475.221139		
2013092223104600300	CMDevMotMag	2013-09-22 23:10:46.003	R	22A7CFE3-2413-41D2-80F8-C693F17141F9		-131.512329	119.658081	-232.326691	0.000000	62475.237210		
2013092223104601100	CMDevMot	2013-09-22 23:10:46.010	R	22A7CFE3-2413-41D2-80F8-C693F17141F9		0.999923	-0.010738	0.006144	0.011325	0.994390	-0.105169	-0.004980	0.105231	0.994435	0.052674	0.002785	0.005523	0.998593	0.005008	0.105426	0.010798	0.151470	0.041560	-0.426573	0.004980	-0.105231	-0.994435	0.027506	-0.064508	0.038518	0.000000	0.000000	0.000000	-1.000000	62475.221139		
2013092223104602600	CMGyro	2013-09-22 23:10:46.026	R	22A7CFE3-2413-41D2-80F8-C693F17141F9		0.208214	0.158516	-0.315790	62475.252398		
2013092223104604300	CMDevMot	2013-09-22 23:10:46.042	R	22A7CFE3-2413-41D2-80F8-C693F17141F9		0.999926	0.001605	0.012061	-0.000249	0.993749	-0.111637	-0.012165	0.111626	0.993676	0.055904	0.006066	-0.000464	0.998418	0.012242	0.111859	-0.001615	0.091123	0.173843	-0.342950	0.012165	-0.111626	-0.993676	0.054073	-0.095375	-0.061134	0.000000	0.000000	0.000000	-1.000000	62475.252398		
2013092223104604300	CMDevMotMag	2013-09-22 23:10:46.043	R	22A7CFE3-2413-41D2-80F8-C693F17141F9		-133.025894	119.490494	-232.490753	0.000000	62475.276011		
2013092223104605800	CMGyro	2013-09-22 23:10:46.057	R	22A7CFE3-2413-41D2-80F8-C693F17141F9		0.302634	-0.029967	-0.296703	62475.283658		
2013092223104607300	CMDevMot	2013-09-22 23:10:46.073	R	22A7CFE3-2413-41D2-80F8-C693F17141F9		0.999819	0.011951	0.014795	-0.010153	0.993183	-0.116120	-0.016082	0.115949	0.993125	0.058118	0.007733	-0.005536	0.998264	0.016192	0.116210	-0.012033	0.185544	-0.014641	-0.323863	0.016082	-0.115949	-0.993125	0.033662	-0.070926	-0.164071	0.000000	0.000000	0.000000	-1.000000	62475.283658		
2013092223104608100	CMDevMotMag	2013-09-22 23:10:46.081	R	22A7CFE3-2413-41D2-80F8-C693F17141F9		-132.185028	119.993256	-233.967407	0.000000	62475.314943		
2013092223104608900	CMGyro	2013-09-22 23:10:46.088	R	22A7CFE3-2413-41D2-80F8-C693F17141F9		0.169279	-0.228094	-0.228272	62475.314917		
2013092223104610400	CMDevMot	2013-09-22 23:10:46.104	R	22A7CFE3-2413-41D2-80F8-C693F17141F9		0.999725	0.021282	0.009807	-0.019944	0.992489	-0.120697	-0.012302	0.120469	0.992641	0.060406	0.005538	-0.010326	0.998105	0.012393	0.120762	-0.021440	0.052190	-0.212767	-0.255432	0.012302	-0.120469	-0.992641	0.035290	-0.071487	-0.050068	0.000000	0.000000	0.000000	-1.000000	62475.314917		
2013092223104612300	CMDevMotMag	2013-09-22 23:10:46.121	R	22A7CFE3-2413-41D2-80F8-C693F17141F9		-131.848679	120.328430	-233.311127	0.000000	62475.353742		
2013092223104612300	CMGyro	2013-09-22 23:10:46.123	R	22A7CFE3-2413-41D2-80F8-C693F17141F9		-0.121590	0.005077	-0.094999	62475.346176		
2013092223104613500	CMDevMot	2013-09-22 23:10:46.135	R	22A7CFE3-2413-41D2-80F8-C693F17141F9		0.999609	0.027083	0.006963	-0.026059	0.992504	-0.119400	-0.010145	0.119172	0.992822	0.059756	0.004285	-0.013311	0.998115	0.010218	0.119456	-0.027281	-0.238500	0.021220	-0.121828	0.010145	-0.119172	-0.992822	0.012118	-0.086043	-0.048652	0.000000	0.000000	0.000000	-1.000000	62475.346176		
2013092223104615200	CMGyro	2013-09-22 23:10:46.151	R	22A7CFE3-2413-41D2-80F8-C693F17141F9		-0.232331	0.367756	0.030659	62475.377436		
2013092223104615900	CMDevMotMag	2013-09-22 23:10:46.158	R	22A7CFE3-2413-41D2-80F8-C693F17141F9		-129.998764	120.160843	-231.834473	0.000000	62475.392680		
2013092223104616700	CMDevMot	2013-09-22 23:10:46.166	R	22A7CFE3-2413-41D2-80F8-C693F17141F9		0.999480	0.028166	0.015706	-0.026275	0.993602	-0.109839	-0.018699	0.109370	0.993825	0.054892	0.008615	-0.013633	0.998362	0.018813	0.109589	-0.028340	-0.349240	0.383899	0.003831	0.018699	-0.109370	-0.993825	-0.010169	-0.047933	-0.268183	0.000000	0.000000	0.000000	-1.000000	62475.377436		
2013092223104618200	CMGyro	2013-09-22 23:10:46.182	R	22A7CFE3-2413-41D2-80F8-C693F17141F9		0.029096	0.215548	-0.088104	62475.408695		
2013092223104619900	CMDevMotMag	2013-09-22 23:10:46.199	R	22A7CFE3-2413-41D2-80F8-C693F17141F9		-131.848679	120.998779	-232.326691	0.000000	62475.431515		
2013092223104620000	CMDevMot	2013-09-22 23:10:46.199	R	22A7CFE3-2413-41D2-80F8-C693F17141F9		0.999217	0.029555	0.026316	-0.026697	0.994322	-0.103014	-0.029212	0.102231	0.994332	0.051389	0.013903	-0.014084	0.998483	0.029370	0.102410	-0.029715	-0.087812	0.231691	-0.114933	0.029212	-0.102231	-0.994332	-0.040488	-0.000659	-0.380607	0.000000	0.000000	0.000000	-1.000000	62475.408695		
2013092223104621400	CMGyro	2013-09-22 23:10:46.214	R	22A7CFE3-2413-41D2-80F8-C693F17141F9		0.290327	-0.251680	-0.263483	62475.439955		
