2013100622465178500	Event	Test Begin	Default Test	2013-10-06 22:46:51.772	R	2D19B442-830F-47C2-B65E-ABED2A9906EC	ApioTest version 1.07		
2013100622465178500	Config	Local Default		DevMotRate	32.0	MagnetometerRate	32.0	LocDistanceFilter	20	AccelerometerRate	32.0	GyroRate	32.0		
2013100622465178500	Customer	2D19B442-830F-47C2-B65E-ABED2A9906EC	Casey	Powell	6122750516	powell@augsburg.edu		
2013100622465179000	Vehicle	Oldsmobile	Alero	2002	gold	Stae Farm 		
2013100622465179000	Event	Text	Default Test	2013-10-06 22:46:51.771	R	2D19B442-830F-47C2-B65E-ABED2A9906EC	Driver		
2013100622465204600	Event	Bluetooth	Default Test	2013-10-06 22:46:52.046	R	2D19B442-830F-47C2-B65E-ABED2A9906EC	Bluetooth is currently powered on and available to use.		
2013100622465206700	CMDevMotMag	2013-10-06 22:46:52.067	R	2D19B442-830F-47C2-B65E-ABED2A9906EC		-146.145844	-6.650223	-239.293320	0.000000	148660.501627		
2013100622465207900	Location	2013-10-06 22:46:52.077	R	2D19B442-830F-47C2-B65E-ABED2A9906EC		44.756633	-93.313828	284.208282	165.000000	11.530738	-1.000000	-1.000000	20131006224651798		
2013100622465210600	CMDevMotMag	2013-10-06 22:46:52.106	R	2D19B442-830F-47C2-B65E-ABED2A9906EC		-147.331268	-6.479706	-240.454132	0.000000	148660.540640		
2013100622465214400	CMDevMotMag	2013-10-06 22:46:52.144	R	2D19B442-830F-47C2-B65E-ABED2A9906EC		-147.839310	-6.991257	-238.961655	0.000000	148660.579617		
2013100622465214700	Location	2013-10-06 22:46:52.147	R	2D19B442-830F-47C2-B65E-ABED2A9906EC		44.756445	-93.314211	284.027710	165.000000	12.281008	-1.000000	-1.000000	20131006224652041		
2013100622465218400	CMDevMotMag	2013-10-06 22:46:52.183	R	2D19B442-830F-47C2-B65E-ABED2A9906EC		-147.500610	-9.037476	-240.288300	0.000000	148660.618490		
2013100622465222200	CMDevMotMag	2013-10-06 22:46:52.222	R	2D19B442-830F-47C2-B65E-ABED2A9906EC		-147.669952	-9.890060	-240.122482	0.000000	148660.657400		
2013100622465226100	CMDevMotMag	2013-10-06 22:46:52.260	R	2D19B442-830F-47C2-B65E-ABED2A9906EC		-148.686035	-9.207993	-241.780777	0.000000	148660.696310		
2013100622465226700	Location	2013-10-06 22:46:52.266	R	2D19B442-830F-47C2-B65E-ABED2A9906EC		44.756465	-93.313603	282.712158	65.000000	11.722839	-1.000000	-1.000000	20131006224652263		
2013100622465230000	CMDevMotMag	2013-10-06 22:46:52.300	R	2D19B442-830F-47C2-B65E-ABED2A9906EC		-148.855377	-10.401627	-241.946609	0.000000	148660.735202		
2013100622465233900	CMDevMotMag	2013-10-06 22:46:52.339	R	2D19B442-830F-47C2-B65E-ABED2A9906EC		-149.194077	-12.788879	-242.278275	0.000000	148660.774145		
2013100622465237800	CMDevMotMag	2013-10-06 22:46:52.378	R	2D19B442-830F-47C2-B65E-ABED2A9906EC		-149.871460	-13.470947	-242.941589	0.000000	148660.813007		
2013100622465239800	CMGyro	2013-10-06 22:46:52.397	R	2D19B442-830F-47C2-B65E-ABED2A9906EC		0.775542	-0.572537	0.543616	148660.830201		
2013100622465241400	CMDevMot	2013-10-06 22:46:52.413	R	2D19B442-830F-47C2-B65E-ABED2A9906EC		0.994955	-0.010656	0.099751	-0.004947	0.987922	0.154876	-0.100196	-0.154588	0.982885	-0.077699	0.050202	0.001434	0.995711	0.101590	-0.155210	0.010786	0.812376	-0.601124	0.541466	0.100196	0.154588	-0.982885	-0.126152	-0.296311	-0.001169	0.000000	0.000000	0.000000	-1.000000	148660.830201		
2013100622465241700	CMDevMotMag	2013-10-06 22:46:52.416	R	2D19B442-830F-47C2-B65E-ABED2A9906EC		-150.718185	-14.664581	-242.112442	0.000000	148660.851913		
2013100622465243000	CMGyro	2013-10-06 22:46:52.429	R	2D19B442-830F-47C2-B65E-ABED2A9906EC		0.788625	-0.022156	0.376970	148660.861760		
2013100622465244400	CMDevMot	2013-10-06 22:46:52.444	R	2D19B442-830F-47C2-B65E-ABED2A9906EC		0.995633	-0.022886	0.090502	0.011088	0.991612	0.128775	-0.092690	-0.127209	0.987536	-0.064199	0.045943	0.008520	0.996843	0.093585	-0.127554	0.023075	0.825459	-0.050742	0.374819	0.092690	0.127209	-0.987536	-0.138558	-0.248486	0.244219	0.000000	0.000000	0.000000	-1.000000	148660.861760		
2013100622465245600	CMDevMotMag	2013-10-06 22:46:52.456	R	2D19B442-830F-47C2-B65E-ABED2A9906EC		-150.040802	-18.074936	-243.107422	0.000000	148660.890470		
2013100622465246100	CMGyro	2013-10-06 22:46:52.460	R	2D19B442-830F-47C2-B65E-ABED2A9906EC		0.641186	0.555026	-0.006730	148660.893318		
2013100622465247700	CMDevMot	2013-10-06 22:46:52.476	R	2D19B442-830F-47C2-B65E-ABED2A9906EC		0.994535	-0.025822	0.101164	0.015050	0.994271	0.105829	-0.103317	-0.103728	0.989225	-0.052534	0.051261	0.010246	0.997250	0.104065	-0.103915	0.025965	0.678019	0.526439	-0.008880	0.103317	0.103728	-0.989225	-0.120651	-0.187453	0.337797	0.000000	0.000000	0.000000	-1.000000	148660.893318		
2013100622465249200	CMGyro	2013-10-06 22:46:52.492	R	2D19B442-830F-47C2-B65E-ABED2A9906EC		0.655408	0.898422	-0.352560	148660.924877		
2013100622465249400	CMDevMotMag	2013-10-06 22:46:52.494	R	2D19B442-830F-47C2-B65E-ABED2A9906EC		-146.992569	-18.757019	-244.765732	0.000000	148660.929446		
2013100622465250800	CMDevMot	2013-10-06 22:46:52.508	R	2D19B442-830F-47C2-B65E-ABED2A9906EC		0.992001	-0.016134	0.125191	0.005514	0.996390	0.084717	-0.126106	-0.083349	0.988509	-0.042138	0.063006	0.005428	0.997108	0.126886	-0.083446	0.016191	0.692241	0.869836	-0.354710	0.126106	0.083349	-0.988509	-0.128730	-0.199316	0.222991	0.000000	0.000000	0.000000	-1.000000	148660.924877		
2013100622465252300	CMGyro	2013-10-06 22:46:52.523	R	2D19B442-830F-47C2-B65E-ABED2A9906EC		0.495243	0.999750	-0.521249	148660.956436		
2013100622465253300	CMDevMotMag	2013-10-06 22:46:52.532	R	2D19B442-830F-47C2-B65E-ABED2A9906EC		-147.161926	-19.609604	-242.609924	0.000000	148660.968218		
2013100622465254000	CMDevMot	2013-10-06 22:46:52.539	R	2D19B442-830F-47C2-B65E-ABED2A9906EC		0.988265	0.001798	0.152737	-0.011758	0.997859	0.064335	-0.152294	-0.065376	0.986171	-0.032541	0.076523	-0.003401	0.996531	0.153219	-0.065423	-0.001802	0.532075	0.971164	-0.523399	0.152294	0.065376	-0.986171	-0.124996	-0.275566	0.316478	0.000000	0.000000	0.000000	-1.000000	148660.956436		
2013100622465255500	CMGyro	2013-10-06 22:46:52.555	R	2D19B442-830F-47C2-B65E-ABED2A9906EC		0.039648	0.844130	-0.342332	148660.987994		
2013100622465257300	CMDevMot	2013-10-06 22:46:52.572	R	2D19B442-830F-47C2-B65E-ABED2A9906EC		0.983368	0.016309	0.180891	-0.026872	0.998064	0.056096	-0.179626	-0.060024	0.981902	-0.029164	0.090545	-0.010845	0.995406	0.180936	-0.060060	-0.016339	0.076481	0.815545	-0.344482	0.179626	0.060024	-0.981902	-0.111725	-0.323727	0.277221	0.000000	0.000000	0.000000	-1.000000	148660.987994		
2013100622465257300	CMDevMotMag	2013-10-06 22:46:52.573	R	2D19B442-830F-47C2-B65E-ABED2A9906EC		-145.129761	-19.609604	-242.609924	0.000000	148661.007261		
2013100622465258700	CMGyro	2013-10-06 22:46:52.586	R	2D19B442-830F-47C2-B65E-ABED2A9906EC		0.328977	0.431254	0.085277	148661.019553		
2013100622465260400	CMDevMot	2013-10-06 22:46:52.603	R	2D19B442-830F-47C2-B65E-ABED2A9906EC		0.979899	0.020313	0.198458	-0.030793	0.998281	0.049864	-0.197104	-0.054973	0.978840	-0.026351	0.099426	-0.012846	0.994613	0.198708	-0.055001	-0.020345	0.365809	0.402668	0.083127	0.197104	0.054973	-0.978840	-0.097190	-0.398265	-0.027904	0.000000	0.000000	0.000000	-1.000000	148661.019553		
2013100622465261100	CMDevMotMag	2013-10-06 22:46:52.610	R	2D19B442-830F-47C2-B65E-ABED2A9906EC		-143.436295	-20.632706	-243.936569	0.000000	148661.046153		
2013100622465261800	CMGyro	2013-10-06 22:46:52.618	R	2D19B442-830F-47C2-B65E-ABED2A9906EC		0.427377	0.436401	0.350147	148661.051112		
2013100622465263500	CMDevMot	2013-10-06 22:46:52.634	R	2D19B442-830F-47C2-B65E-ABED2A9906EC		0.977935	0.015239	0.208352	-0.023028	0.999122	0.035007	-0.207636	-0.039033	0.977427	-0.018616	0.104594	-0.009622	0.994294	0.209319	-0.039043	-0.015252	0.464209	0.407815	0.347997	0.207636	0.039033	-0.977427	-0.118830	-0.368501	0.013087	0.000000	0.000000	0.000000	-1.000000	148661.051112		
2013100622465265100	CMDevMotMag	2013-10-06 22:46:52.651	R	2D19B442-830F-47C2-B65E-ABED2A9906EC		-143.097610	-20.632706	-243.273254	0.000000	148661.085066		
2013100622465265200	CMGyro	2013-10-06 22:46:52.651	R	2D19B442-830F-47C2-B65E-ABED2A9906EC		0.694670	0.648268	0.301093	148661.082671		
2013100622465266600	CMDevMot	2013-10-06 22:46:52.666	R	2D19B442-830F-47C2-B65E-ABED2A9906EC		0.973948	0.009881	0.226554	-0.013585	0.999798	0.014794	-0.226362	-0.017486	0.973886	-0.008123	0.113978	-0.005905	0.993433	0.228377	-0.017487	-0.009883	0.731502	0.619683	0.298943	0.226362	0.017486	-0.973886	-0.107496	-0.352554	-0.046622	0.000000	0.000000	0.000000	-1.000000	148661.082671		
2013100622465268200	CMGyro	2013-10-06 22:46:52.681	R	2D19B442-830F-47C2-B65E-ABED2A9906EC		0.649200	0.694784	-0.088842	148661.114230		
2013100622465268900	CMDevMotMag	2013-10-06 22:46:52.689	R	2D19B442-830F-47C2-B65E-ABED2A9906EC		-141.065460	-25.066193	-243.273254	0.000000	148661.123920		
2013100622465269800	CMDevMot	2013-10-06 22:46:52.698	R	2D19B442-830F-47C2-B65E-ABED2A9906EC		0.969146	0.012609	0.246163	-0.010632	0.999900	-0.009359	-0.246256	0.006453	0.969183	0.003984	0.124067	-0.005856	0.992249	0.248821	0.006453	-0.012610	0.686032	0.666199	-0.090992	0.246256	-0.006453	-0.969183	-0.227488	-0.268175	0.017767	0.000000	0.000000	0.000000	-1.000000	148661.114230		
2013100622465271400	CMGyro	2013-10-06 22:46:52.713	R	2D19B442-830F-47C2-B65E-ABED2A9906EC		0.267030	0.707378	-0.951047	148661.145788		
2013100622465273000	CMDevMotMag	2013-10-06 22:46:52.730	R	2D19B442-830F-47C2-B65E-ABED2A9906EC		-140.388062	-25.066193	-243.604919	0.000000	148661.162789		
2013100622465273000	CMDevMot	2013-10-06 22:46:52.730	R	2D19B442-830F-47C2-B65E-ABED2A9906EC		0.963505	0.033194	0.265624	-0.028002	0.999336	-0.023313	-0.266221	0.015025	0.963795	0.009674	0.134198	-0.015441	0.990787	0.269502	0.015025	-0.033204	0.303862	0.678794	-0.953197	0.266222	-0.015025	-0.963795	-0.224779	-0.126653	0.054340	0.000000	0.000000	0.000000	-1.000000	148661.145788		
2013100622465274500	CMGyro	2013-10-06 22:46:52.745	R	2D19B442-830F-47C2-B65E-ABED2A9906EC		0.321754	0.691027	-0.754795	148661.177347		
2013100622465276100	CMDevMot	2013-10-06 22:46:52.760	R	2D19B442-830F-47C2-B65E-ABED2A9906EC		0.955417	0.065685	0.287860	-0.058262	0.997712	-0.034288	-0.289453	0.015988	0.957059	0.012712	0.145976	-0.031340	0.988710	0.293694	0.015989	-0.065740	0.358585	0.662442	-0.756945	0.289453	-0.015988	-0.957059	0.019812	-0.237247	-0.154483	0.000000	0.000000	0.000000	-1.000000	148661.177347		
2013100622465276600	CMDevMotMag	2013-10-06 22:46:52.766	R	2D19B442-830F-47C2-B65E-ABED2A9906EC		-139.033295	-26.089294	-244.268234	0.000000	148661.201623		
2013100622465277600	CMGyro	2013-10-06 22:46:52.776	R	2D19B442-830F-47C2-B65E-ABED2A9906EC		0.123487	0.105051	0.150573	148661.208906		
2013100622465279200	CMDevMot	2013-10-06 22:46:52.792	R	2D19B442-830F-47C2-B65E-ABED2A9906EC		0.952008	0.074707	0.296815	-0.064619	0.996954	-0.043668	-0.299174	0.022393	0.953936	0.016719	0.150839	-0.035262	0.987788	0.303905	0.022394	-0.074795	0.160318	0.076466	0.148423	0.299174	-0.022393	-0.953936	-0.016260	-0.192176	-0.301374	0.000000	0.000000	0.000000	-1.000000	148661.208906		
2013100622465280500	CMDevMotMag	2013-10-06 22:46:52.805	R	2D19B442-830F-47C2-B65E-ABED2A9906EC		-139.541336	-25.918777	-243.107422	0.000000	148661.240434		
2013100622465280800	CMGyro	2013-10-06 22:46:52.808	R	2D19B442-830F-47C2-B65E-ABED2A9906EC		-0.121513	-0.301048	0.224738	148661.240465		
2013100622465282400	CMDevMot	2013-10-06 22:46:52.824	R	2D19B442-830F-47C2-B65E-ABED2A9906EC		0.954002	0.068254	0.291928	-0.058312	0.997388	-0.042634	-0.294076	0.023650	0.955490	0.016767	0.148237	-0.032017	0.988291	0.298574	0.023652	-0.068327	-0.084682	-0.329632	0.222588	0.294076	-0.023650	-0.955490	-0.029839	-0.126222	-0.332856	0.000000	0.000000	0.000000	-1.000000	148661.240465		
2013100622465284000	CMGyro	2013-10-06 22:46:52.839	R	2D19B442-830F-47C2-B65E-ABED2A9906EC		-0.043679	-0.599946	0.781349	148661.272024		
2013100622465284400	CMDevMotMag	2013-10-06 22:46:52.844	R	2D19B442-830F-47C2-B65E-ABED2A9906EC		-141.065460	-24.384109	-244.931564	0.000000	148661.279202		
2013100622465285600	CMDevMot	2013-10-06 22:46:52.855	R	2D19B442-830F-47C2-B65E-ABED2A9906EC		0.959891	0.052350	0.275443	-0.042883	0.998268	-0.040285	-0.277075	0.026858	0.960473	0.016959	0.139556	-0.024054	0.989777	0.280853	0.026861	-0.052393	-0.006848	-0.628530	0.779198	0.277075	-0.026858	-0.960473	0.080240	-0.091062	-0.300193	0.000000	0.000000	0.000000	-1.000000	148661.272024		
2013100622465287100	CMGyro	2013-10-06 22:46:52.871	R	2D19B442-830F-47C2-B65E-ABED2A9906EC		0.118078	-0.312853	1.234703	148661.303583		
2013100622465288300	CMDevMotMag	2013-10-06 22:46:52.883	R	2D19B442-830F-47C2-B65E-ABED2A9906EC		-140.557419	-27.282928	-242.775757	0.000000	148661.318010		
2013100622465288400	Heading	2013-10-06 22:46:52.884	R	2D19B442-830F-47C2-B65E-ABED2A9906EC		66.855637	67.364395	20.000000	10.249832	0.115711	-51.112762	20131006224652883		
2013100622465288700	CMDevMot	2013-10-06 22:46:52.887	R	2D19B442-830F-47C2-B65E-ABED2A9906EC		0.965443	0.020113	0.259837	-0.009243	0.999033	-0.042989	-0.260451	0.039101	0.964695	0.020707	0.131239	-0.007405	0.991107	0.263695	0.039111	-0.020130	0.154908	-0.341437	1.232553	0.260451	-0.039101	-0.964695	0.014955	0.036751	-0.076137	0.000000	0.000000	0.000000	-1.000000	148661.303583		
2013100622465290300	CMGyro	2013-10-06 22:46:52.902	R	2D19B442-830F-47C2-B65E-ABED2A9906EC		0.173799	0.355932	1.098839	148661.335141		
2013100622465291100	Heading	2013-10-06 22:46:52.910	R	2D19B442-830F-47C2-B65E-ABED2A9906EC		56.708656	57.217419	20.000000	10.214539	-0.246639	-51.064392	20131006224652909		
2013100622465291900	CMDevMot	2013-10-06 22:46:52.918	R	2D19B442-830F-47C2-B65E-ABED2A9906EC		0.965008	-0.014872	0.261797	0.028646	0.998394	-0.048876	-0.260650	0.054666	0.963885	0.026124	0.131815	0.010980	0.990869	0.264100	0.054693	0.014895	0.210629	0.327348	1.096689	0.260650	-0.054666	-0.963885	-0.076003	0.086144	0.154818	0.000000	0.000000	0.000000	-1.000000	148661.335141		
2013100622465292200	CMDevMotMag	2013-10-06 22:46:52.921	R	2D19B442-830F-47C2-B65E-ABED2A9906EC		-139.371994	-26.089294	-244.931564	0.000000	148661.356755		
2013100622465293400	CMGyro	2013-10-06 22:46:52.934	R	2D19B442-830F-47C2-B65E-ABED2A9906EC		0.068814	0.203261	0.541713	148661.366700		
2013100622465293600	Heading	2013-10-06 22:46:52.935	R	2D19B442-830F-47C2-B65E-ABED2A9906EC		44.930466	45.439228	20.000000	10.515137	-0.481100	-51.118286	20131006224652934		
2013100622465295000	CMDevMot	2013-10-06 22:46:52.950	R	2D19B442-830F-47C2-B65E-ABED2A9906EC		0.961482	-0.037024	0.272363	0.053624	0.997113	-0.053754	-0.269587	0.066289	0.960692	0.030318	0.136875	0.022894	0.989859	0.273581	0.066337	0.037115	0.105644	0.174677	0.539563	0.269587	-0.066289	-0.960692	-0.158015	0.003041	0.313155	0.000000	0.000000	0.000000	-1.000000	148661.366700		
2013100622465296100	CMDevMotMag	2013-10-06 22:46:52.960	R	2D19B442-830F-47C2-B65E-ABED2A9906EC		-141.065460	-26.771362	-244.268234	0.000000	148661.395592		
2013100622465296200	Heading	2013-10-06 22:46:52.961	R	2D19B442-830F-47C2-B65E-ABED2A9906EC		52.289886	52.798649	20.000000	10.498184	-1.146120	-51.002213	20131006224652960		
2013100622465296600	CMGyro	2013-10-06 22:46:52.965	R	2D19B442-830F-47C2-B65E-ABED2A9906EC		-0.014297	-0.114908	0.257623	148661.398259		
2013100622465298200	CMDevMot	2013-10-06 22:46:52.982	R	2D19B442-830F-47C2-B65E-ABED2A9906EC		0.961648	-0.048437	0.269977	0.065472	0.996368	-0.054449	-0.266359	0.070037	0.961326	0.031440	0.135457	0.028769	0.989866	0.270294	0.070094	0.048575	0.022533	-0.143492	0.255473	0.266359	-0.070037	-0.961326	-0.245745	0.002440	0.233161	0.000000	0.000000	0.000000	-1.000000	148661.398259		
2013100622465298800	Heading	2013-10-06 22:46:52.987	R	2D19B442-830F-47C2-B65E-ABED2A9906EC		57.304939	57.813702	20.000000	10.650604	-1.708830	-51.018799	20131006224652986		
2013100622465299700	CMGyro	2013-10-06 22:46:52.997	R	2D19B442-830F-47C2-B65E-ABED2A9906EC		0.111797	0.187791	0.393073	148661.429818		
2013100622465299900	CMDevMotMag	2013-10-06 22:46:52.999	R	2D19B442-830F-47C2-B65E-ABED2A9906EC		-138.694611	-27.794479	-243.936569	0.000000	148661.434263		
2013100622465301300	CMDevMot	2013-10-06 22:46:53.013	R	2D19B442-830F-47C2-B65E-ABED2A9906EC		0.961263	-0.056471	0.269787	0.074704	0.995530	-0.057793	-0.265318	0.075709	0.961184	0.033723	0.135169	0.033135	0.989694	0.269325	0.075781	0.056664	0.148626	0.159208	0.390923	0.265318	-0.075709	-0.961184	-0.173200	-0.082464	0.201632	0.000000	0.000000	0.000000	-1.000000	148661.429818		
2013100622465301400	Heading	2013-10-06 22:46:53.014	R	2D19B442-830F-47C2-B65E-ABED2A9906EC		54.755325	55.264088	20.000000	11.175583	-1.964607	-51.168030	20131006224653012		
2013100622465302900	CMGyro	2013-10-06 22:46:53.029	R	2D19B442-830F-47C2-B65E-ABED2A9906EC		0.090844	0.587955	0.328049	148661.461377		
2013100622465303800	CMDevMotMag	2013-10-06 22:46:53.038	R	2D19B442-830F-47C2-B65E-ABED2A9906EC		-139.202637	-27.964996	-243.770752	0.000000	148661.473128		
2013100622465303900	Heading	2013-10-06 22:46:53.039	R	2D19B442-830F-47C2-B65E-ABED2A9906EC		39.604275	40.113037	20.000000	11.683609	-2.339748	-51.101700	20131006224653038		
2013100622465304500	CMDevMot	2013-10-06 22:46:53.044	R	2D19B442-830F-47C2-B65E-ABED2A9906EC		0.956765	-0.066368	0.283190	0.087159	0.994298	-0.061446	-0.277497	0.083472	0.957093	0.036653	0.141809	0.038830	0.988453	0.282200	0.083569	0.066650	0.127673	0.559371	0.325899	0.277497	-0.083472	-0.957093	-0.213716	-0.121774	0.294099	0.000000	0.000000	0.000000	-1.000000	148661.461377		
2013100622465306000	CMGyro	2013-10-06 22:46:53.060	R	2D19B442-830F-47C2-B65E-ABED2A9906EC		0.175965	0.737552	0.193028	148661.492936		
2013100622465306500	Heading	2013-10-06 22:46:53.065	R	2D19B442-830F-47C2-B65E-ABED2A9906EC		48.878170	49.386932	20.000000	12.005371	-2.629629	-50.985611	20131006224653064		
2013100622465307700	CMDevMot	2013-10-06 22:46:53.076	R	2D19B442-830F-47C2-B65E-ABED2A9906EC		0.950070	-0.072320	0.303541	0.096195	0.993275	-0.064432	-0.296840	0.090414	0.950637	0.039235	0.152125	0.042698	0.986659	0.302660	0.090537	0.072682	0.212794	0.708969	0.190878	0.296840	-0.090414	-0.950637	-0.157390	-0.148783	0.196395	0.000000	0.000000	0.000000	-1.000000	148661.492936		
2013100622465307700	CMDevMotMag	2013-10-06 22:46:53.077	R	2D19B442-830F-47C2-B65E-ABED2A9906EC		-137.170486	-28.306030	-244.434067	0.000000	148661.511965		
2013100622465309100	Heading	2013-10-06 22:46:53.091	R	2D19B442-830F-47C2-B65E-ABED2A9906EC		54.342121	54.850883	20.000000	12.716614	-2.970663	-51.018768	20131006224653089		
2013100622465309200	CMGyro	2013-10-06 22:46:53.092	R	2D19B442-830F-47C2-B65E-ABED2A9906EC		0.101151	0.414140	0.084327	148661.524495		
2013100622465310800	CMDevMot	2013-10-06 22:46:53.108	R	2D19B442-830F-47C2-B65E-ABED2A9906EC		0.944386	-0.073327	0.320559	0.100361	0.992582	-0.068620	-0.313149	0.096975	0.944740	0.042025	0.160823	0.044079	0.985103	0.320069	0.097128	0.073741	0.137980	0.385557	0.082177	0.313149	-0.096975	-0.944740	-0.120339	-0.179560	0.089836	0.000000	0.000000	0.000000	-1.000000	148661.524495		
2013100622465311500	CMDevMotMag	2013-10-06 22:46:53.115	R	2D19B442-830F-47C2-B65E-ABED2A9906EC		-135.477020	-29.670181	-243.107422	0.000000	148661.550763		
2013100622465312300	CMGyro	2013-10-06 22:46:53.123	R	2D19B442-830F-47C2-B65E-ABED2A9906EC		0.021306	0.420758	0.573288	148661.556054		
2013100622465314000	CMDevMot	2013-10-06 22:46:53.139	R	2D19B442-830F-47C2-B65E-ABED2A9906EC		0.939517	-0.079391	0.333174	0.108539	0.991641	-0.069773	-0.324849	0.101715	0.940280	0.043578	0.167215	0.047756	0.983798	0.332644	0.101892	0.079890	0.058135	0.392175	0.571138	0.324849	-0.101715	-0.940280	0.036921	-0.141815	0.088535	0.000000	0.000000	0.000000	-1.000000	148661.556054		
2013100622465314300	Heading	2013-10-06 22:46:53.142	R	2D19B442-830F-47C2-B65E-ABED2A9906EC		66.183311	66.692078	20.000000	14.206848	-3.789150	-50.521255	20131006224653141		
2013100622465315500	CMDevMotMag	2013-10-06 22:46:53.155	R	2D19B442-830F-47C2-B65E-ABED2A9906EC		-134.968994	-27.453445	-243.936569	0.000000	148661.589650		
2013100622465315500	CMGyro	2013-10-06 22:46:53.155	R	2D19B442-830F-47C2-B65E-ABED2A9906EC		-0.385796	0.618494	0.551655	148661.587613		
2013100622465316800	Heading	2013-10-06 22:46:53.167	R	2D19B442-830F-47C2-B65E-ABED2A9906EC		39.337006	39.845768	20.000000	15.019714	-3.789150	-50.454926	20131006224653167		
2013100622465317200	CMDevMot	2013-10-06 22:46:53.171	R	2D19B442-830F-47C2-B65E-ABED2A9906EC		0.932794	-0.098193	0.346777	0.127784	0.989769	-0.063464	-0.336997	0.103511	0.935798	0.042503	0.174053	0.057522	0.982136	0.345660	0.103697	0.098884	-0.348967	0.589912	0.549505	0.336997	-0.103511	-0.935798	-0.242423	-0.262242	0.262702	0.000000	0.000000	0.000000	-1.000000	148661.587613		
2013100622465318700	CMGyro	2013-10-06 22:46:53.187	R	2D19B442-830F-47C2-B65E-ABED2A9906EC		-0.911762	0.726296	0.289715	148661.619171		
2013100622465319300	CMDevMotMag	2013-10-06 22:46:53.193	R	2D19B442-830F-47C2-B65E-ABED2A9906EC		-133.106171	-27.623962	-243.439087	0.000000	148661.628502		
2013100622465319400	Heading	2013-10-06 22:46:53.194	R	2D19B442-830F-47C2-B65E-ABED2A9906EC		30.702124	31.210886	20.000000	15.883392	-3.669786	-50.305679	20131006224653193		
2013100622465320300	CMDevMot	2013-10-06 22:46:53.202	R	2D19B442-830F-47C2-B65E-ABED2A9906EC		0.923885	-0.116151	0.364617	0.138510	0.989718	-0.035682	-0.356724	0.083469	0.930473	0.030386	0.183956	0.064944	0.980316	0.366096	0.083566	0.116824	-0.874934	0.697713	0.287565	0.356724	-0.083469	-0.930473	-0.166081	-0.262585	0.174263	0.000000	0.000000	0.000000	-1.000000	148661.619171		
2013100622465321900	CMGyro	2013-10-06 22:46:53.219	R	2D19B442-830F-47C2-B65E-ABED2A9906EC		0.145807	0.559594	0.264747	148661.650730		
2013100622465322000	Heading	2013-10-06 22:46:53.220	R	2D19B442-830F-47C2-B65E-ABED2A9906EC		60.925591	61.434353	20.000000	16.493042	-3.567476	-49.874527	20131006224653219		
2013100622465323200	CMDevMotMag	2013-10-06 22:46:53.231	R	2D19B442-830F-47C2-B65E-ABED2A9906EC		-133.275528	-27.453445	-241.946609	0.000000	148661.667299		
2013100622465323400	CMDevMot	2013-10-06 22:46:53.234	R	2D19B442-830F-47C2-B65E-ABED2A9906EC		0.914814	-0.131435	0.381891	0.152133	0.988060	-0.024373	-0.374127	0.080395	0.923886	0.026778	0.193235	0.072479	0.978105	0.384766	0.080481	0.132247	0.182635	0.531012	0.262597	0.374127	-0.080395	-0.923886	-0.327756	-0.199131	-0.155628	0.000000	0.000000	0.000000	-1.000000	148661.650730		
2013100622465324700	Heading	2013-10-06 22:46:53.247	R	2D19B442-830F-47C2-B65E-ABED2A9906EC		65.634178	66.142944	20.000000	17.034958	-3.362856	-49.708679	20131006224653245		
2013100622465325000	CMGyro	2013-10-06 22:46:53.250	R	2D19B442-830F-47C2-B65E-ABED2A9906EC		0.135142	0.606466	-1.002228	148661.682289		
2013100622465326600	CMDevMot	2013-10-06 22:46:53.266	R	2D19B442-830F-47C2-B65E-ABED2A9906EC		0.910437	-0.112517	0.398050	0.136217	0.990173	-0.031667	-0.390575	0.083052	0.916817	0.029358	0.201816	0.063653	0.976912	0.402728	0.083148	0.113149	0.171970	0.577884	-1.004378	0.390575	-0.083052	-0.916817	-0.362316	-0.253710	0.083809	0.000000	0.000000	0.000000	-1.000000	148661.682289		
2013100622465327200	CMDevMotMag	2013-10-06 22:46:53.271	R	2D19B442-830F-47C2-B65E-ABED2A9906EC		-130.565979	-26.430328	-242.941589	0.000000	148661.706168		
2013100622465328900	Heading	2013-10-06 22:46:53.272	R	2D19B442-830F-47C2-B65E-ABED2A9906EC		8.952737	9.461499	20.000000	17.915558	-2.510265	-49.576019	20131006224653271		
2013100622465329000	CMGyro	2013-10-06 22:46:53.290	R	2D19B442-830F-47C2-B65E-ABED2A9906EC		-0.600120	0.974331	-1.667407	148661.713848		
2013100622465329700	CMDevMot	2013-10-06 22:46:53.296	R	2D19B442-830F-47C2-B65E-ABED2A9906EC		0.903773	-0.074266	0.421519	0.090782	0.995685	-0.019219	-0.418273	0.055636	0.906616	0.019185	0.215230	0.042300	0.975458	0.432258	0.055665	0.074450	-0.563293	0.945749	-1.669557	0.418273	-0.055636	-0.906616	-0.068709	-0.214109	-0.000840	0.000000	0.000000	0.000000	-1.000000	148661.713848		
2013100622465329900	Heading	2013-10-06 22:46:53.298	R	2D19B442-830F-47C2-B65E-ABED2A9906EC		359.747314	0.256077	20.000000	18.525208	-2.101021	-49.410202	20131006224653296		
2013100622465330900	CMDevMotMag	2013-10-06 22:46:53.309	R	2D19B442-830F-47C2-B65E-ABED2A9906EC		-131.920761	-24.384109	-241.283295	0.000000	148661.744902		
2013100622465331300	CMGyro	2013-10-06 22:46:53.313	R	2D19B442-830F-47C2-B65E-ABED2A9906EC		-0.304173	0.047827	-0.865015	148661.745407		
2013100622465332400	Heading	2013-10-06 22:46:53.324	R	2D19B442-830F-47C2-B65E-ABED2A9906EC		13.185669	13.694431	20.000000	18.914703	-1.606520	-49.194626	20131006224653322		
2013100622465332900	CMDevMot	2013-10-06 22:46:53.328	R	2D19B442-830F-47C2-B65E-ABED2A9906EC		0.900010	-0.046522	0.433379	0.053688	0.998549	-0.004302	-0.432550	0.027139	0.901201	0.008065	0.222113	0.025704	0.974649	0.447496	0.027143	0.046556	-0.267346	0.019245	-0.867165	0.432550	-0.027139	-0.901201	-0.125604	-0.211035	-0.319639	0.000000	0.000000	0.000000	-1.000000	148661.745407		
2013100622465334500	CMGyro	2013-10-06 22:46:53.345	R	2D19B442-830F-47C2-B65E-ABED2A9906EC		-0.177641	-0.342437	-0.784849	148661.776966		
2013100622465334900	CMDevMotMag	2013-10-06 22:46:53.349	R	2D19B442-830F-47C2-B65E-ABED2A9906EC		-132.090103	-24.213593	-241.449112	0.000000	148661.783829		
2013100622465335000	Heading	2013-10-06 22:46:53.350	R	2D19B442-830F-47C2-B65E-ABED2A9906EC		21.449421	21.958183	20.000000	19.287262	-0.719826	-49.128296	20131006224653348		
2013100622465336100	CMDevMot	2013-10-06 22:46:53.360	R	2D19B442-830F-47C2-B65E-ABED2A9906EC		0.903495	-0.028469	0.427651	0.031217	0.999512	0.000585	-0.427459	0.012822	0.903944	0.003136	0.219131	0.015295	0.975571	0.441719	0.012822	0.028475	-0.140814	-0.371018	-0.786999	0.427459	-0.012822	-0.903944	-0.303634	-0.357463	-0.477923	0.000000	0.000000	0.000000	-1.000000	148661.776966		
2013100622465337600	CMGyro	2013-10-06 22:46:53.376	R	2D19B442-830F-47C2-B65E-ABED2A9906EC		-0.456754	-0.673443	-0.608474	148661.808525		
2013100622465337700	Heading	2013-10-06 22:46:53.376	R	2D19B442-830F-47C2-B65E-ABED2A9906EC		19.664282	20.173044	20.000000	19.253403	0.030455	-49.028809	20131006224653375		
2013100622465338700	CMDevMotMag	2013-10-06 22:46:53.387	R	2D19B442-830F-47C2-B65E-ABED2A9906EC		-133.614212	-23.702042	-241.614944	0.000000	148661.822666		
2013100622465339200	CMDevMot	2013-10-06 22:46:53.392	R	2D19B442-830F-47C2-B65E-ABED2A9906EC		0.912198	-0.010762	0.409607	0.007434	0.999925	0.009715	-0.409681	-0.005817	0.912210	-0.003971	0.209474	0.004652	0.977795	0.422112	-0.005817	0.010762	-0.419928	-0.702024	-0.610624	0.409681	0.005817	-0.912210	-0.054365	-0.064380	-0.370001	0.000000	0.000000	0.000000	-1.000000	148661.808525		
2013100622465340200	Heading	2013-10-06 22:46:53.402	R	2D19B442-830F-47C2-B65E-ABED2A9906EC		16.474915	16.983677	20.000000	18.576019	0.746630	-48.896133	20131006224653400		
2013100622465340800	CMGyro	2013-10-06 22:46:53.408	R	2D19B442-830F-47C2-B65E-ABED2A9906EC		-0.063505	-0.467612	-0.678930	148661.840084		
2013100622465342400	CMDevMot	2013-10-06 22:46:53.423	R	2D19B442-830F-47C2-B65E-ABED2A9906EC		0.919819	0.004235	0.392319	-0.011307	0.999813	0.015715	-0.392179	-0.018891	0.919695	-0.008831	0.200186	-0.003966	0.979710	0.403075	-0.018892	-0.004236	-0.026711	-0.496175	-0.681213	0.392179	0.018891	-0.919695	-0.186704	0.066238	-0.020002	0.000000	0.000000	0.000000	-1.000000	148661.840084		
2013100622465342600	CMDevMotMag	2013-10-06 22:46:53.426	R	2D19B442-830F-47C2-B65E-ABED2A9906EC		-133.614212	-24.043076	-243.273254	0.000000	148661.861491		
2013100622465342700	Heading	2013-10-06 22:46:53.427	R	2D19B442-830F-47C2-B65E-ABED2A9906EC		9.106090	9.614852	20.000000	17.966370	1.189978	-48.995621	20131006224653426		
2013100622465343900	CMGyro	2013-10-06 22:46:53.439	R	2D19B442-830F-47C2-B65E-ABED2A9906EC		0.494030	-0.390073	-1.209932	148661.871643		
2013100622465345400	Heading	2013-10-06 22:46:53.453	R	2D19B442-830F-47C2-B65E-ABED2A9906EC		15.833237	16.341999	20.000000	17.272064	1.479860	-49.211197	20131006224653452		
2013100622465345500	CMDevMot	2013-10-06 22:46:53.455	R	2D19B442-830F-47C2-B65E-ABED2A9906EC		0.923945	0.036051	0.380822	-0.041610	0.999114	0.006370	-0.380254	-0.021732	0.924627	-0.007163	0.193998	-0.019796	0.980776	0.390169	-0.021734	-0.036068	0.530824	-0.418636	-1.212215	0.380254	0.021732	-0.924627	-0.280279	0.034100	0.047612	0.000000	0.000000	0.000000	-1.000000	148661.871643		
2013100622465346600	CMDevMotMag	2013-10-06 22:46:53.465	R	2D19B442-830F-47C2-B65E-ABED2A9906EC		-136.154404	-23.190491	-242.444107	0.000000	148661.900302		
2013100622465347100	CMGyro	2013-10-06 22:46:53.470	R	2D19B442-830F-47C2-B65E-ABED2A9906EC		0.592541	-0.919608	-1.492201	148661.903202		
2013100622465348000	Heading	2013-10-06 22:46:53.479	R	2D19B442-830F-47C2-B65E-ABED2A9906EC		22.689123	23.197886	20.000000	16.340668	1.565119	-49.493103	20131006224653478		
2013100622465348600	CMDevMot	2013-10-06 22:46:53.486	R	2D19B442-830F-47C2-B65E-ABED2A9906EC		0.929761	0.084858	0.358250	-0.086794	0.996169	-0.010705	-0.357786	-0.021141	0.933564	-0.002656	0.182239	-0.043687	0.982280	0.365982	-0.021142	-0.084979	0.629334	-0.948171	-1.494484	0.357786	0.021141	-0.933564	-0.129408	-0.035591	-0.005508	0.000000	0.000000	0.000000	-1.000000	148661.903202		
2013100622465350200	CMGyro	2013-10-06 22:46:53.502	R	2D19B442-830F-47C2-B65E-ABED2A9906EC		0.627485	-1.296998	-1.399373	148661.934761		
2013100622465350500	CMDevMotMag	2013-10-06 22:46:53.504	R	2D19B442-830F-47C2-B65E-ABED2A9906EC		-140.049377	-24.043076	-244.931564	0.000000	148661.939066		
2013100622465350600	Heading	2013-10-06 22:46:53.505	R	2D19B442-830F-47C2-B65E-ABED2A9906EC		24.815796	25.324558	20.000000	15.087509	1.667429	-49.957443	20131006224653504		
2013100622465351800	CMDevMot	2013-10-06 22:46:53.518	R	2D19B442-830F-47C2-B65E-ABED2A9906EC		0.937925	0.133571	0.320086	-0.131348	0.990923	-0.028629	-0.321005	-0.015191	0.946956	0.003413	0.162820	-0.067283	0.984353	0.326829	-0.015192	-0.133987	0.664278	-1.325560	-1.401656	0.321005	0.015191	-0.946956	-0.175207	-0.060113	0.080730	0.000000	0.000000	0.000000	-1.000000	148661.934761		
2013100622465353100	Heading	2013-10-06 22:46:53.531	R	2D19B442-830F-47C2-B65E-ABED2A9906EC		27.943333	28.452095	20.000000	13.732727	1.087667	-50.322281	20131006224653529		
2013100622465353400	CMGyro	2013-10-06 22:46:53.533	R	2D19B442-830F-47C2-B65E-ABED2A9906EC		0.122669	-0.538059	-1.029333	148661.966320		
2013100622465354300	CMDevMotMag	2013-10-06 22:46:53.542	R	2D19B442-830F-47C2-B65E-ABED2A9906EC		-140.388062	-23.702042	-244.599899	0.000000	148661.977899		
2013100622465355000	CMDevMot	2013-10-06 22:46:53.550	R	2D19B442-830F-47C2-B65E-ABED2A9906EC		0.940929	0.175225	0.289740	-0.171997	0.984411	-0.036780	-0.291667	-0.015227	0.956399	0.005470	0.147549	-0.088118	0.985106	0.296005	-0.015227	-0.176155	0.159462	-0.566622	-1.031616	0.291667	0.015227	-0.956399	-0.118450	-0.237715	0.282006	0.000000	0.000000	0.000000	-1.000000	148661.966320		
2013100622465355700	Heading	2013-10-06 22:46:53.557	R	2D19B442-830F-47C2-B65E-ABED2A9906EC		22.254025	22.762787	20.000000	12.428772	0.968304	-50.604187	20131006224653555		
2013100622465356500	CMGyro	2013-10-06 22:46:53.565	R	2D19B442-830F-47C2-B65E-ABED2A9906EC		0.230388	0.670691	-0.413280	148661.997879		
2013100622465358400	CMDevMot	2013-10-06 22:46:53.584	R	2D19B442-830F-47C2-B65E-ABED2A9906EC		0.935745	0.194787	0.294007	-0.190337	0.980734	-0.043969	-0.296907	-0.014817	0.954792	0.007408	0.150164	-0.097869	0.983777	0.301486	-0.014817	-0.196062	0.267181	0.642129	-0.415563	0.296907	0.014817	-0.954792	-0.070863	-0.236954	0.342990	0.000000	0.000000	0.000000	-1.000000	148661.997879		
2013100622465358400	CMDevMotMag	2013-10-06 22:46:53.584	R	2D19B442-830F-47C2-B65E-ABED2A9906EC		-139.202637	-24.554626	-242.775757	0.000000	148662.016760		
2013100622465358500	Heading	2013-10-06 22:46:53.584	R	2D19B442-830F-47C2-B65E-ABED2A9906EC		33.984943	34.493706	20.000000	11.446548	0.695475	-50.703674	20131006224653581		
2013100622465359700	CMGyro	2013-10-06 22:46:53.597	R	2D19B442-830F-47C2-B65E-ABED2A9906EC		-0.184713	0.708213	0.139674	148662.029438		
2013100622465360900	Heading	2013-10-06 22:46:53.609	R	2D19B442-830F-47C2-B65E-ABED2A9906EC		47.364407	47.873169	20.000000	10.735291	0.559061	-50.969009	20131006224653607		
2013100622465361400	CMDevMot	2013-10-06 22:46:53.614	R	2D19B442-830F-47C2-B65E-ABED2A9906EC		0.928443	0.197256	0.314775	-0.191342	0.980254	-0.049914	-0.318405	-0.013887	0.947853	0.009173	0.161212	-0.098940	0.981905	0.324079	-0.013888	-0.198578	-0.147920	0.679651	0.137391	0.318405	0.013887	-0.947853	-0.069992	-0.240541	0.365959	0.000000	0.000000	0.000000	-1.000000	148662.029438		
2013100622465362100	CMDevMotMag	2013-10-06 22:46:53.621	R	2D19B442-830F-47C2-B65E-ABED2A9906EC		-139.033295	-24.043076	-245.263214	0.000000	148662.055634		
2013100622465362500	Location	2013-10-06 22:46:53.625	R	2D19B442-830F-47C2-B65E-ABED2A9906EC		44.756833	-93.313385	278.204556	50.000000	24.000000	-1.000000	-1.000000	20131006224653613		
2013100622465362900	CMGyro	2013-10-06 22:46:53.628	R	2D19B442-830F-47C2-B65E-ABED2A9906EC		-0.066579	0.543418	0.238041	148662.060997		
2013100622465363400	Heading	2013-10-06 22:46:53.633	R	2D19B442-830F-47C2-B65E-ABED2A9906EC		55.586544	56.095306	20.000000	10.955444	0.507906	-50.886078	20131006224653632		
2013100622465364400	CMDevMot	2013-10-06 22:46:53.644	R	2D19B442-830F-47C2-B65E-ABED2A9906EC		0.924046	0.189643	0.331925	-0.184323	0.981705	-0.047756	-0.334909	-0.017053	0.942096	0.007826	0.169972	-0.095322	0.980797	0.341560	-0.017053	-0.190827	-0.029787	0.514856	0.235758	0.334909	0.017053	-0.942096	-0.081704	-0.240945	0.290271	0.000000	0.000000	0.000000	-1.000000	148662.060997		
2013100622465366000	CMDevMotMag	2013-10-06 22:46:53.660	R	2D19B442-830F-47C2-B65E-ABED2A9906EC		-137.001144	-25.748260	-243.604919	0.000000	148662.094588		
2013100622465366000	CMGyro	2013-10-06 22:46:53.660	R	2D19B442-830F-47C2-B65E-ABED2A9906EC		-0.001421	0.329529	0.498226	148662.092556		
2013100622465367600	CMDevMot	2013-10-06 22:46:53.676	R	2D19B442-830F-47C2-B65E-ABED2A9906EC		0.923359	0.177683	0.340348	-0.171142	0.984007	-0.049409	-0.343684	-0.012626	0.939001	0.009378	0.174390	-0.088931	0.980608	0.350866	-0.012626	-0.178646	0.035372	0.300967	0.495943	0.343684	0.012626	-0.939001	-0.070948	-0.213340	0.281438	0.000000	0.000000	0.000000	-1.000000	148662.092556		
2013100622465368700	Heading	2013-10-06 22:46:53.686	R	2D19B442-830F-47C2-B65E-ABED2A9906EC		52.209663	52.718426	20.000000	12.631973	0.661371	-50.604172	20131006224653685		
2013100622465369200	CMGyro	2013-10-06 22:46:53.691	R	2D19B442-830F-47C2-B65E-ABED2A9906EC		0.114979	0.558299	0.184791	148662.124115		
2013100622465369800	CMDevMotMag	2013-10-06 22:46:53.698	R	2D19B442-830F-47C2-B65E-ABED2A9906EC		-137.001144	-25.407227	-242.941589	0.000000	148662.133340		
2013100622465370800	CMDevMot	2013-10-06 22:46:53.707	R	2D19B442-830F-47C2-B65E-ABED2A9906EC		0.919975	0.169360	0.353501	-0.160055	0.985539	-0.055626	-0.357810	-0.005405	0.933779	0.012815	0.181511	-0.084060	0.979706	0.365927	-0.005405	-0.170183	0.151770	0.529738	0.182508	0.357810	0.005405	-0.933779	-0.144980	-0.135318	0.213778	0.000000	0.000000	0.000000	-1.000000	148662.124115		
2013100622465371200	Heading	2013-10-06 22:46:53.711	R	2D19B442-830F-47C2-B65E-ABED2A9906EC		49.173775	49.682537	20.000000	13.275497	0.661371	-50.504654	20131006224653711		
2013100622465372400	CMGyro	2013-10-06 22:46:53.724	R	2D19B442-830F-47C2-B65E-ABED2A9906EC		-0.075811	0.084246	0.184460	148662.155674		
2013100622465373900	CMDevMotMag	2013-10-06 22:46:53.739	R	2D19B442-830F-47C2-B65E-ABED2A9906EC		-137.001144	-26.089294	-242.941589	0.000000	148662.172139		
2013100622465374000	CMDevMot	2013-10-06 22:46:53.740	R	2D19B442-830F-47C2-B65E-ABED2A9906EC		0.918230	0.165221	0.359939	-0.154346	0.986256	-0.058966	-0.364734	-0.001411	0.931111	0.014694	0.185010	-0.081586	0.979234	0.373348	-0.001411	-0.165982	-0.039019	0.055685	0.182177	0.364734	0.001411	-0.931111	-0.089771	-0.216941	0.174107	0.000000	0.000000	0.000000	-1.000000	148662.155674		
2013100622465374100	Heading	2013-10-06 22:46:53.741	R	2D19B442-830F-47C2-B65E-ABED2A9906EC		47.004524	47.513287	20.000000	13.969803	0.303282	-50.189575	20131006224653737		
2013100622465375500	CMGyro	2013-10-06 22:46:53.755	R	2D19B442-830F-47C2-B65E-ABED2A9906EC		-0.148018	0.945413	-0.063806	148662.187233		
2013100622465376500	Heading	2013-10-06 22:46:53.764	R	2D19B442-830F-47C2-B65E-ABED2A9906EC		43.399063	43.907825	20.000000	14.613327	0.098661	-49.924240	20131006224653763		
2013100622465377100	CMDevMot	2013-10-06 22:46:53.770	R	2D19B442-830F-47C2-B65E-ABED2A9906EC		0.911893	0.163512	0.376450	-0.151009	0.986541	-0.062709	-0.381637	0.000337	0.924312	0.016123	0.193866	-0.080433	0.977592	0.391567	0.000337	-0.164249	-0.111227	0.916852	-0.066088	0.381637	-0.000337	-0.924312	-0.099700	-0.047362	0.166729	0.000000	0.000000	0.000000	-1.000000	148662.187233		
2013100622465377600	CMDevMotMag	2013-10-06 22:46:53.776	R	2D19B442-830F-47C2-B65E-ABED2A9906EC		-134.460953	-24.554626	-242.775757	0.000000	148662.210975		
2013100622465378600	CMGyro	2013-10-06 22:46:53.786	R	2D19B442-830F-47C2-B65E-ABED2A9906EC		-0.240854	1.187712	-0.197398	148662.218792		
2013100622465379000	Heading	2013-10-06 22:46:53.789	R	2D19B442-830F-47C2-B65E-ABED2A9906EC		45.917439	46.426201	20.000000	15.273773	0.115715	-49.841324	20131006224653788		
2013100622465380300	CMDevMot	2013-10-06 22:46:53.803	R	2D19B442-830F-47C2-B65E-ABED2A9906EC		0.897933	0.165220	0.407945	-0.153290	0.986233	-0.062022	-0.412576	-0.006842	0.910897	0.014163	0.210596	-0.081749	0.974046	0.425291	-0.006842	-0.165985	-0.204063	1.159151	-0.199681	0.412576	0.006842	-0.910897	-0.088785	-0.015601	0.186502	0.000000	0.000000	0.000000	-1.000000	148662.218792		
2013100622465381500	CMDevMotMag	2013-10-06 22:46:53.814	R	2D19B442-830F-47C2-B65E-ABED2A9906EC		-130.735336	-24.895660	-240.454132	0.000000	148662.249800		
2013100622465381700	Heading	2013-10-06 22:46:53.816	R	2D19B442-830F-47C2-B65E-ABED2A9906EC		48.925358	49.434120	20.000000	16.323730	0.047510	-49.376999	20131006224653814		
2013100622465381800	CMGyro	2013-10-06 22:46:53.818	R	2D19B442-830F-47C2-B65E-ABED2A9906EC		-0.530311	2.158965	-0.646107	148662.250351		
2013100622465383400	CMDevMot	2013-10-06 22:46:53.833	R	2D19B442-830F-47C2-B65E-ABED2A9906EC		0.873608	0.173622	0.454603	-0.163736	0.984592	-0.061386	-0.458256	-0.020808	0.888576	0.010482	0.235801	-0.087143	0.967830	0.476144	-0.020809	-0.174545	-0.493520	2.130404	-0.648389	0.458256	0.020808	-0.888576	0.037853	0.124608	0.137875	0.000000	0.000000	0.000000	-1.000000	148662.250351		
2013100622465384100	Heading	2013-10-06 22:46:53.841	R	2D19B442-830F-47C2-B65E-ABED2A9906EC		56.597340	57.106102	20.000000	17.881714	0.252132	-48.779999	20131006224653839		
2013100622465384900	CMGyro	2013-10-06 22:46:53.849	R	2D19B442-830F-47C2-B65E-ABED2A9906EC		-0.669476	2.100225	-1.427693	148662.281910		
2013100622465385500	CMDevMotMag	2013-10-06 22:46:53.854	R	2D19B442-830F-47C2-B65E-ABED2A9906EC		-127.348404	-21.485306	-239.127487	0.000000	148662.288710		
2013100622465386600	CMDevMot	2013-10-06 22:46:53.865	R	2D19B442-830F-47C2-B65E-ABED2A9906EC		0.834108	0.192118	0.517063	-0.192472	0.979839	-0.053575	-0.516931	-0.054833	0.854269	-0.000329	0.269936	-0.100402	0.957629	0.544172	-0.054861	-0.193614	-0.632685	2.071665	-1.429975	0.516931	0.054833	-0.854269	0.003439	0.200629	-0.042063	0.000000	0.000000	0.000000	-1.000000	148662.281910		
2013100622465386800	Heading	2013-10-06 22:46:53.867	R	2D19B442-830F-47C2-B65E-ABED2A9906EC		68.791908	69.300674	20.000000	19.913864	1.138826	-48.017181	20131006224653866		
2013100622465388100	CMGyro	2013-10-06 22:46:53.881	R	2D19B442-830F-47C2-B65E-ABED2A9906EC		-0.420098	3.863692	-1.847589	148662.313469		
2013100622465389200	CMDevMotMag	2013-10-06 22:46:53.892	R	2D19B442-830F-47C2-B65E-ABED2A9906EC		-119.558472	-22.508408	-235.810883	0.000000	148662.327529		
2013100622465389400	Heading	2013-10-06 22:46:53.893	R	2D19B442-830F-47C2-B65E-ABED2A9906EC		65.040207	65.548965	20.000000	22.640320	1.701536	-46.673950	20131006224653892		
