2013092223075721200	Event	Test Begin	Default Test	2013-09-22 23:07:57.202	R	22A7CFE3-2413-41D2-80F8-C693F17141F9	ApioTest version 1.07		
2013092223075721200	Config	Local Default		DevMotRate	32.0	MagnetometerRate	32.0	LocDistanceFilter	20	AccelerometerRate	32.0	GyroRate	32.0		
2013092223075721200	Customer	22A7CFE3-2413-41D2-80F8-C693F17141F9	Kayla	Washenberger	6517697331			
2013092223075721200	Vehicle	Chevy	Monte Carlo	1999	Black			
2013092223075721200	Event	Text	Default Test	2013-09-22 23:07:57.200	R	22A7CFE3-2413-41D2-80F8-C693F17141F9	Driver		
2013092223075727700	CMGyro	2013-09-22 23:07:57.277	R	22A7CFE3-2413-41D2-80F8-C693F17141F9		0.230063	0.054124	-0.126553	62306.501983		
2013092223075728500	CMDevMotMag	2013-09-22 23:07:57.285	R	22A7CFE3-2413-41D2-80F8-C693F17141F9		-132.185028	121.333954	-234.295563	0.000000	62306.519729		
2013092223075728700	Event	Bluetooth	Default Test	2013-09-22 23:07:57.287	R	22A7CFE3-2413-41D2-80F8-C693F17141F9	Bluetooth is currently powered on and available to use.		
2013092223075729100	CMDevMot	2013-09-22 23:07:57.291	R	22A7CFE3-2413-41D2-80F8-C693F17141F9		0.999960	0.000944	0.008902	-0.000644	0.999435	-0.033598	-0.008928	0.033591	0.999396	0.016800	0.004458	-0.000397	0.999849	0.008933	0.033597	-0.000945	0.114885	0.070545	-0.153165	0.008928	-0.033591	-0.999396	0.000410	0.001242	0.012213	0.000000	0.000000	0.000000	-1.000000	62306.501983		
2013092223075729200	Location	2013-09-22 23:07:57.291	R	22A7CFE3-2413-41D2-80F8-C693F17141F9		44.965412	-93.243183	254.440823	10.000000	4.000000	0.900000	217.617188	20130922230757236		
2013092223075730700	CMGyro	2013-09-22 23:07:57.307	R	22A7CFE3-2413-41D2-80F8-C693F17141F9		-0.072527	-0.139492	-0.203287	62306.533242		
2013092223075732400	CMDevMot	2013-09-22 23:07:57.323	R	22A7CFE3-2413-41D2-80F8-C693F17141F9		0.999953	0.006946	0.006745	-0.006733	0.999491	-0.031179	-0.006958	0.031133	0.999491	0.015580	0.003426	-0.003420	0.999867	0.006961	0.031138	-0.006950	-0.187704	-0.123071	-0.229899	0.006958	-0.031133	-0.999491	-0.018417	-0.010646	0.022700	0.000000	0.000000	0.000000	-1.000000	62306.533242		
2013092223075732400	CMDevMotMag	2013-09-22 23:07:57.324	R	22A7CFE3-2413-41D2-80F8-C693F17141F9		-131.512329	121.669144	-234.295563	0.000000	62306.558648		
2013092223075733900	CMGyro	2013-09-22 23:07:57.339	R	22A7CFE3-2413-41D2-80F8-C693F17141F9		0.008921	-0.018824	-0.175911	62306.564502		
2013092223075735500	CMDevMot	2013-09-22 23:07:57.354	R	22A7CFE3-2413-41D2-80F8-C693F17141F9		0.999898	0.013742	0.003767	-0.013633	0.999526	-0.027619	-0.004145	0.027565	0.999611	0.013798	0.001978	-0.006845	0.999879	0.004146	0.027568	-0.013748	-0.106250	-0.002408	-0.202523	0.004145	-0.027565	-0.999611	0.012747	-0.021156	-0.009834	0.000000	0.000000	0.000000	-1.000000	62306.564502		
2013092223075736300	CMDevMotMag	2013-09-22 23:07:57.363	R	22A7CFE3-2413-41D2-80F8-C693F17141F9		-131.848679	119.993256	-232.982971	0.000000	62306.597473		
2013092223075736900	CMGyro	2013-09-22 23:07:57.369	R	22A7CFE3-2413-41D2-80F8-C693F17141F9		0.129674	0.042488	-0.071547	62306.595761		
2013092223075738500	CMDevMot	2013-09-22 23:07:57.385	R	22A7CFE3-2413-41D2-80F8-C693F17141F9		0.999800	0.018114	0.008485	-0.017844	0.999365	-0.030848	-0.009038	0.030690	0.999488	0.015387	0.004382	-0.008991	0.999832	0.009043	0.030695	-0.018124	0.014536	0.058932	-0.098159	0.009038	-0.030690	-0.999488	0.029597	-0.029933	-0.012475	0.000000	0.000000	0.000000	-1.000000	62306.595761		
2013092223075740200	CMGyro	2013-09-22 23:07:57.402	R	22A7CFE3-2413-41D2-80F8-C693F17141F9		0.074760	0.004510	0.015261	62306.627021		
2013092223075740200	CMDevMotMag	2013-09-22 23:07:57.402	R	22A7CFE3-2413-41D2-80F8-C693F17141F9		-132.016861	120.496017	-232.490753	0.000000	62306.636388		
2013092223075741900	CMDevMot	2013-09-22 23:07:57.419	R	22A7CFE3-2413-41D2-80F8-C693F17141F9		0.999749	0.019416	0.011178	-0.019036	0.999268	-0.033175	-0.011814	0.032954	0.999387	0.016536	0.005749	-0.009615	0.999801	0.011820	0.032960	-0.019428	-0.040346	0.020970	-0.011351	0.011814	-0.032954	-0.999387	0.006192	-0.014562	-0.017215	0.000000	0.000000	0.000000	-1.000000	62306.627021		
2013092223075743200	CMGyro	2013-09-22 23:07:57.432	R	22A7CFE3-2413-41D2-80F8-C693F17141F9		-0.010412	-0.051357	0.017224	62306.658280		
2013092223075744100	CMDevMotMag	2013-09-22 23:07:57.441	R	22A7CFE3-2413-41D2-80F8-C693F17141F9		-133.866776	122.339493	-235.279999	0.000000	62306.675204		
2013092223075744900	CMDevMot	2013-09-22 23:07:57.449	R	22A7CFE3-2413-41D2-80F8-C693F17141F9		0.999742	0.019803	0.011148	-0.019448	0.999327	-0.031087	-0.011756	0.030862	0.999454	0.015490	0.005727	-0.009815	0.999815	0.011762	0.030867	-0.019814	-0.125497	-0.034881	-0.009388	0.011756	-0.030862	-0.999454	0.010614	-0.014411	-0.020489	0.000000	0.000000	0.000000	-1.000000	62306.658280		
2013092223075746300	CMGyro	2013-09-22 23:07:57.463	R	22A7CFE3-2413-41D2-80F8-C693F17141F9		0.079177	-0.004238	-0.022139	62306.689540		
2013092223075748000	CMDevMot	2013-09-22 23:07:57.479	R	22A7CFE3-2413-41D2-80F8-C693F17141F9		0.999730	0.020709	0.010493	-0.020404	0.999389	-0.028379	-0.011074	0.028158	0.999542	0.014137	0.005393	-0.010280	0.999833	0.011079	0.028161	-0.020719	-0.035911	0.012226	-0.048751	0.011074	-0.028158	-0.999542	-0.005764	0.001287	-0.028854	0.000000	0.000000	0.000000	-1.000000	62306.689540		
2013092223075748000	CMDevMotMag	2013-09-22 23:07:57.480	R	22A7CFE3-2413-41D2-80F8-C693F17141F9		-131.512329	119.322906	-232.654831	0.000000	62306.714073		
2013092223075749400	CMGyro	2013-09-22 23:07:57.494	R	22A7CFE3-2413-41D2-80F8-C693F17141F9		0.118815	-0.044651	-0.048977	62306.720800		
2013092223075751000	CMDevMot	2013-09-22 23:07:57.510	R	22A7CFE3-2413-41D2-80F8-C693F17141F9		0.999686	0.022811	0.010357	-0.022494	0.999303	-0.029781	-0.011029	0.029538	0.999503	0.014832	0.005347	-0.011328	0.999812	0.011034	0.029543	-0.022823	0.003764	-0.028186	-0.075588	0.011029	-0.029538	-0.999503	0.003986	-0.005649	-0.001245	0.000000	0.000000	0.000000	-1.000000	62306.720800		
2013092223075751900	CMDevMotMag	2013-09-22 23:07:57.519	R	22A7CFE3-2413-41D2-80F8-C693F17141F9		-131.175980	121.669144	-233.639267	0.000000	62306.752950		
2013092223075752600	CMGyro	2013-09-22 23:07:57.526	R	22A7CFE3-2413-41D2-80F8-C693F17141F9		0.170488	-0.028514	-0.060179	62306.752059		
2013092223075754200	CMDevMot	2013-09-22 23:07:57.542	R	22A7CFE3-2413-41D2-80F8-C693F17141F9		0.999617	0.025405	0.010968	-0.025030	0.999137	-0.033139	-0.011800	0.032851	0.999391	0.016501	0.005693	-0.012612	0.999768	0.011807	0.032857	-0.025422	0.055514	-0.012007	-0.086790	0.011800	-0.032851	-0.999391	0.007960	-0.010911	0.010407	0.000000	0.000000	0.000000	-1.000000	62306.752059		
2013092223075755800	CMGyro	2013-09-22 23:07:57.557	R	22A7CFE3-2413-41D2-80F8-C693F17141F9		0.230963	-0.006198	-0.087812	62306.783319		
2013092223075755800	CMDevMotMag	2013-09-22 23:07:57.558	R	22A7CFE3-2413-41D2-80F8-C693F17141F9		-131.175980	122.004318	-233.639267	0.000000	62306.791860		
2013092223075757300	CMDevMot	2013-09-22 23:07:57.573	R	22A7CFE3-2413-41D2-80F8-C693F17141F9		0.999514	0.028653	0.012320	-0.028173	0.998898	-0.037549	-0.013382	0.037184	0.999219	0.018689	0.006427	-0.014211	0.999704	0.013392	0.037193	-0.028677	0.116045	0.010361	-0.114424	0.013382	-0.037184	-0.999219	0.007263	-0.008104	0.025296	0.000000	0.000000	0.000000	-1.000000	62306.783319		
2013092223075758800	CMGyro	2013-09-22 23:07:57.588	R	22A7CFE3-2413-41D2-80F8-C693F17141F9		0.224824	0.020861	-0.070763	62306.814578		
2013092223075759600	CMDevMotMag	2013-09-22 23:07:57.595	R	22A7CFE3-2413-41D2-80F8-C693F17141F9		-132.016861	120.496017	-232.818909	0.000000	62306.830659		
2013092223075760400	CMDevMot	2013-09-22 23:07:57.604	R	22A7CFE3-2413-41D2-80F8-C693F17141F9		0.999383	0.032402	0.013567	-0.031817	0.998638	-0.041346	-0.014888	0.040889	0.999053	0.020566	0.007116	-0.016061	0.999634	0.014901	0.040900	-0.032435	0.109920	0.037439	-0.097377	0.014888	-0.040889	-0.999053	0.022801	-0.030858	0.051986	0.000000	0.000000	0.000000	-1.000000	62306.814578		
2013092223075762000	CMGyro	2013-09-22 23:07:57.620	R	22A7CFE3-2413-41D2-80F8-C693F17141F9		0.233671	0.026239	0.056292	62306.845838		
2013092223075763600	CMDevMot	2013-09-22 23:07:57.636	R	22A7CFE3-2413-41D2-80F8-C693F17141F9		0.999303	0.033089	0.017283	-0.032244	0.998371	-0.047060	-0.018812	0.046470	0.998743	0.023393	0.009028	-0.016341	0.999552	0.018833	0.046487	-0.033131	0.118867	0.042886	0.029678	0.018812	-0.046470	-0.998743	0.032412	-0.010094	0.004419	0.000000	0.000000	0.000000	-1.000000	62306.845838		
2013092223075763700	CMDevMotMag	2013-09-22 23:07:57.637	R	22A7CFE3-2413-41D2-80F8-C693F17141F9		-131.680511	121.166367	-232.818909	0.000000	62306.869561		
2013092223075765100	CMGyro	2013-09-22 23:07:57.651	R	22A7CFE3-2413-41D2-80F8-C693F17141F9		0.182985	0.060516	0.045427	62306.877097		
2013092223075766800	CMDevMot	2013-09-22 23:07:57.667	R	22A7CFE3-2413-41D2-80F8-C693F17141F9		0.999308	0.032077	0.018808	-0.031099	0.998257	-0.050149	-0.020384	0.049529	0.998565	0.024931	0.009803	-0.015802	0.999516	0.020410	0.049549	-0.032122	0.068194	0.077160	0.018813	0.020384	-0.049529	-0.998565	-0.003569	-0.004212	0.008040	0.000000	0.000000	0.000000	-1.000000	62306.877097		
2013092223075767400	CMDevMotMag	2013-09-22 23:07:57.674	R	22A7CFE3-2413-41D2-80F8-C693F17141F9		-131.175980	120.663605	-233.639267	0.000000	62306.908444		
2013092223075768300	CMGyro	2013-09-22 23:07:57.682	R	22A7CFE3-2413-41D2-80F8-C693F17141F9		0.146773	0.038225	0.055819	62306.908357		
2013092223075769700	CMDevMot	2013-09-22 23:07:57.697	R	22A7CFE3-2413-41D2-80F8-C693F17141F9		0.999283	0.031693	0.020719	-0.030579	0.998177	-0.052038	-0.022331	0.051367	0.998430	0.025864	0.010768	-0.015576	0.999486	0.022362	0.051389	-0.031740	0.032026	0.054848	0.029207	0.022331	-0.051367	-0.998430	-0.000297	-0.020670	-0.038267	0.000000	0.000000	0.000000	-1.000000	62306.908357		
2013092223075771300	CMDevMotMag	2013-09-22 23:07:57.713	R	22A7CFE3-2413-41D2-80F8-C693F17141F9		-131.680511	121.836731	-233.147049	0.000000	62306.947374		
2013092223075772900	CMGyro	2013-09-22 23:07:57.729	R	22A7CFE3-2413-41D2-80F8-C693F17141F9		0.119566	-0.012983	0.077468	62306.955246		
2013092223075774500	CMDevMot	2013-09-22 23:07:57.744	R	22A7CFE3-2413-41D2-80F8-C693F17141F9		0.999326	0.030209	0.020856	-0.029058	0.998147	-0.053464	-0.022432	0.052822	0.998352	0.026585	0.010828	-0.014824	0.999478	0.022465	0.052846	-0.030256	0.004863	0.003574	0.050861	0.022432	-0.052822	-0.998352	-0.014894	-0.011937	-0.031586	0.000000	0.000000	0.000000	-1.000000	62306.955246		
2013092223075775200	CMDevMotMag	2013-09-22 23:07:57.752	R	22A7CFE3-2413-41D2-80F8-C693F17141F9		-131.007812	121.166367	-232.162613	0.000000	62306.986237		
2013092223075776000	CMGyro	2013-09-22 23:07:57.760	R	22A7CFE3-2413-41D2-80F8-C693F17141F9		0.123880	-0.052379	0.081782	62306.986506		
2013092223075777600	CMDevMot	2013-09-22 23:07:57.776	R	22A7CFE3-2413-41D2-80F8-C693F17141F9		0.999404	0.028352	0.019680	-0.027255	0.998171	-0.053962	-0.021174	0.053394	0.998349	0.026853	0.010219	-0.013909	0.999490	0.021206	0.053419	-0.028397	0.009214	-0.035857	0.055177	0.021174	-0.053394	-0.998349	-0.008234	-0.011670	-0.036822	0.000000	0.000000	0.000000	-1.000000	62306.986506		
2013092223075779200	CMDevMotMag	2013-09-22 23:07:57.791	R	22A7CFE3-2413-41D2-80F8-C693F17141F9		-130.839630	121.669144	-232.654831	0.000000	62307.025053		
2013092223075779200	CMGyro	2013-09-22 23:07:57.792	R	22A7CFE3-2413-41D2-80F8-C693F17141F9		0.193813	-0.034989	0.055570	62307.017765		
2013092223075780700	CMDevMot	2013-09-22 23:07:57.807	R	22A7CFE3-2413-41D2-80F8-C693F17141F9		0.999472	0.027014	0.018053	-0.025975	0.998122	-0.055477	-0.019518	0.054979	0.998297	0.027628	0.009397	-0.013254	0.999486	0.019548	0.055006	-0.027058	0.079142	-0.018513	0.028968	0.019518	-0.054979	-0.998297	-0.011202	0.000917	-0.022943	0.000000	0.000000	0.000000	-1.000000	62307.017765		
2013092223075782300	CMGyro	2013-09-22 23:07:57.823	R	22A7CFE3-2413-41D2-80F8-C693F17141F9		0.259505	-0.067676	0.038430	62307.049025		
2013092223075783000	CMDevMotMag	2013-09-22 23:07:57.830	R	22A7CFE3-2413-41D2-80F8-C693F17141F9		-132.353195	120.160843	-233.475189	0.000000	62307.063890		
2013092223075783900	CMDevMot	2013-09-22 23:07:57.838	R	22A7CFE3-2413-41D2-80F8-C693F17141F9		0.999515	0.026543	0.016285	-0.025528	0.997893	-0.059641	-0.017834	0.059197	0.998087	0.029726	0.008534	-0.013025	0.999437	0.017866	0.059231	-0.026593	0.144880	-0.051273	0.011832	0.017834	-0.059197	-0.998087	-0.001751	-0.003258	-0.017309	0.000000	0.000000	0.000000	-1.000000	62307.049025		
2013092223075785400	CMGyro	2013-09-22 23:07:57.854	R	22A7CFE3-2413-41D2-80F8-C693F17141F9		0.246151	-0.091291	0.039815	62307.080285		
2013092223075786900	CMDevMotMag	2013-09-22 23:07:57.868	R	22A7CFE3-2413-41D2-80F8-C693F17141F9		-131.175980	120.663605	-232.326691	0.000000	62307.102705		
2013092223075787000	CMDevMot	2013-09-22 23:07:57.869	R	22A7CFE3-2413-41D2-80F8-C693F17141F9		0.999554	0.026261	0.014204	-0.025298	0.997619	-0.064155	-0.015855	0.063767	0.997839	0.032001	0.007519	-0.012898	0.999376	0.015888	0.063811	-0.026318	0.131526	-0.074872	0.013216	0.015855	-0.063767	-0.997839	0.003234	0.001710	0.020910	0.000000	0.000000	0.000000	-1.000000	62307.080285		
2013092223075788500	CMGyro	2013-09-22 23:07:57.885	R	22A7CFE3-2413-41D2-80F8-C693F17141F9		0.234400	-0.057939	0.044896	62307.111544		
2013092223075790100	CMDevMot	2013-09-22 23:07:57.901	R	22A7CFE3-2413-41D2-80F8-C693F17141F9		0.999582	0.025969	0.012693	-0.025042	0.997340	-0.068446	-0.014437	0.068100	0.997574	0.034160	0.006787	-0.012761	0.999312	0.014471	0.068153	-0.026032	0.119827	-0.041435	0.018293	0.014437	-0.068100	-0.997574	0.008848	-0.002075	0.034302	0.000000	0.000000	0.000000	-1.000000	62307.111544		
2013092223075790700	CMDevMotMag	2013-09-22 23:07:57.907	R	22A7CFE3-2413-41D2-80F8-C693F17141F9		-131.344162	120.160843	-233.475189	0.000000	62307.141643		
2013092223075791700	CMGyro	2013-09-22 23:07:57.916	R	22A7CFE3-2413-41D2-80F8-C693F17141F9		0.208749	0.043215	0.057925	62307.142804		
2013092223075793200	CMDevMot	2013-09-22 23:07:57.932	R	22A7CFE3-2413-41D2-80F8-C693F17141F9		0.999592	0.025051	0.013742	-0.024006	0.997145	-0.071589	-0.015496	0.071230	0.997339	0.035731	0.007315	-0.012273	0.999259	0.015536	0.071291	-0.025118	0.094173	0.059748	0.031321	0.015496	-0.071230	-0.997339	0.006720	0.001727	0.005366	0.000000	0.000000	0.000000	-1.000000	62307.142804		
2013092223075794600	CMDevMotMag	2013-09-22 23:07:57.946	R	22A7CFE3-2413-41D2-80F8-C693F17141F9		-132.689545	118.149780	-234.459625	0.000000	62307.180452		
2013092223075794700	CMGyro	2013-09-22 23:07:57.947	R	22A7CFE3-2413-41D2-80F8-C693F17141F9		0.162788	-0.061698	0.047312	62307.174063		
2013092223075796400	CMDevMot	2013-09-22 23:07:57.963	R	22A7CFE3-2413-41D2-80F8-C693F17141F9		0.999618	0.023973	0.013780	-0.022894	0.997012	-0.073771	-0.015508	0.073428	0.997180	0.036828	0.007328	-0.011726	0.999226	0.015550	0.073494	-0.024040	0.048213	-0.045166	0.020709	0.015508	-0.073428	-0.997180	-0.005177	0.014788	-0.011594	0.000000	0.000000	0.000000	-1.000000	62307.174063		
2013092223075797900	CMGyro	2013-09-22 23:07:57.979	R	22A7CFE3-2413-41D2-80F8-C693F17141F9		0.202255	-0.186016	-0.002702	62307.205323		
2013092223075798600	CMDevMotMag	2013-09-22 23:07:57.986	R	22A7CFE3-2413-41D2-80F8-C693F17141F9		-131.175980	118.987717	-232.326691	0.000000	62307.219311		
2013092223075799500	CMDevMot	2013-09-22 23:07:57.994	R	22A7CFE3-2413-41D2-80F8-C693F17141F9		0.999659	0.024304	0.009516	-0.023532	0.996964	-0.074229	-0.011291	0.073980	0.997196	0.037081	0.005206	-0.011968	0.999227	0.011323	0.074048	-0.024373	0.087468	-0.169525	-0.029306	0.011291	-0.073980	-0.997196	-0.001800	0.014074	0.005771	0.000000	0.000000	0.000000	-1.000000	62307.205323		
2013092223075801100	CMGyro	2013-09-22 23:07:58.010	R	22A7CFE3-2413-41D2-80F8-C693F17141F9		0.154071	-0.141166	-0.063109	62307.236583		
2013092223075802400	CMDevMotMag	2013-09-22 23:07:58.024	R	22A7CFE3-2413-41D2-80F8-C693F17141F9		-132.521378	118.987717	-231.998535	0.000000	62307.258151		
2013092223075802600	CMDevMot	2013-09-22 23:07:58.026	R	22A7CFE3-2413-41D2-80F8-C693F17141F9		0.999638	0.026549	0.004395	-0.026139	0.996775	-0.075873	-0.006395	0.075731	0.997108	0.037932	0.002700	-0.013183	0.999190	0.006414	0.075803	-0.026628	0.039177	-0.124711	-0.089713	0.006395	-0.075731	-0.997108	-0.007646	0.005617	0.107444	0.000000	0.000000	0.000000	-1.000000	62307.236583		
2013092223075804200	CMGyro	2013-09-22 23:07:58.041	R	22A7CFE3-2413-41D2-80F8-C693F17141F9		0.016253	0.008587	-0.076328	62307.267842		
2013092223075805700	CMDevMot	2013-09-22 23:07:58.057	R	22A7CFE3-2413-41D2-80F8-C693F17141F9		0.999547	0.029911	0.003237	-0.029587	0.996782	-0.074506	-0.005455	0.074376	0.997215	0.037251	0.002175	-0.014886	0.999193	0.005471	0.074445	-0.029998	-0.098639	0.025041	-0.102933	0.005455	-0.074376	-0.997215	0.008338	-0.026851	0.098000	0.000000	0.000000	0.000000	-1.000000	62307.267842		
2013092223075806300	CMDevMotMag	2013-09-22 23:07:58.063	R	22A7CFE3-2413-41D2-80F8-C693F17141F9		-131.848679	118.317368	-231.998535	0.000000	62307.296928		
2013092223075807300	CMGyro	2013-09-22 23:07:58.073	R	22A7CFE3-2413-41D2-80F8-C693F17141F9		0.051850	0.106056	0.062433	62307.299102		
2013092223075808900	CMDevMot	2013-09-22 23:07:58.089	R	22A7CFE3-2413-41D2-80F8-C693F17141F9		0.999503	0.030843	0.006568	-0.030282	0.996875	-0.072959	-0.008798	0.072724	0.997313	0.036449	0.003845	-0.015293	0.999211	0.008822	0.072788	-0.030930	-0.062815	0.122535	0.035830	0.008798	-0.072724	-0.997313	0.003577	-0.044678	0.000426	0.000000	0.000000	0.000000	-1.000000	62307.299102		
2013092223075810200	CMDevMotMag	2013-09-22 23:07:58.101	R	22A7CFE3-2413-41D2-80F8-C693F17141F9		-132.016861	119.825668	-231.178177	0.000000	62307.335744		
2013092223075810400	CMGyro	2013-09-22 23:07:58.104	R	22A7CFE3-2413-41D2-80F8-C693F17141F9		0.121972	-0.053217	0.013558	62307.330362		
2013092223075812000	CMDevMot	2013-09-22 23:07:58.119	R	22A7CFE3-2413-41D2-80F8-C693F17141F9		0.999533	0.029779	0.006888	-0.029202	0.996946	-0.072430	-0.009024	0.072195	0.997350	0.036184	0.003981	-0.014757	0.999228	0.009048	0.072258	-0.029861	0.007256	-0.036790	-0.013042	0.009024	-0.072195	-0.997350	-0.009131	0.011206	0.026357	0.000000	0.000000	0.000000	-1.000000	62307.330362		
2013092223075813500	CMGyro	2013-09-22 23:07:58.135	R	22A7CFE3-2413-41D2-80F8-C693F17141F9		0.054120	0.030201	-0.057281	62307.361621		
2013092223075814100	CMDevMotMag	2013-09-22 23:07:58.141	R	22A7CFE3-2413-41D2-80F8-C693F17141F9		-132.185028	118.652542	-233.311127	0.000000	62307.374600		
2013092223075815100	CMDevMot	2013-09-22 23:07:58.151	R	22A7CFE3-2413-41D2-80F8-C693F17141F9		0.999457	0.032273	0.006654	-0.031715	0.996936	-0.071507	-0.008941	0.071258	0.997418	0.035719	0.003902	-0.016009	0.999226	0.008964	0.071318	-0.032361	-0.060595	0.046628	-0.083880	0.008941	-0.071258	-0.997418	0.006363	-0.043595	0.030926	0.000000	0.000000	0.000000	-1.000000	62307.361621		
2013092223075816600	CMGyro	2013-09-22 23:07:58.166	R	22A7CFE3-2413-41D2-80F8-C693F17141F9		-0.035909	0.110094	0.045626	62307.392881		
2013092223075817900	CMDevMotMag	2013-09-22 23:07:58.179	R	22A7CFE3-2413-41D2-80F8-C693F17141F9		-133.194077	119.993256	-232.326691	0.000000	62307.413523		
2013092223075818300	CMDevMot	2013-09-22 23:07:58.182	R	22A7CFE3-2413-41D2-80F8-C693F17141F9		0.999394	0.033142	0.010650	-0.032313	0.997001	-0.070323	-0.012949	0.069937	0.997467	0.035092	0.005904	-0.016376	0.999232	0.012981	0.069994	-0.033229	-0.150309	0.126588	0.019027	0.012949	-0.069937	-0.997467	0.009497	-0.055002	0.009461	0.000000	0.000000	0.000000	-1.000000	62307.392881		
2013092223075819800	CMGyro	2013-09-22 23:07:58.198	R	22A7CFE3-2413-41D2-80F8-C693F17141F9		-0.151148	-0.040787	0.169946	62307.424141		
2013092223075821400	CMDevMot	2013-09-22 23:07:58.213	R	22A7CFE3-2413-41D2-80F8-C693F17141F9		0.999462	0.030126	0.012927	-0.029221	0.997439	-0.065275	-0.014860	0.064862	0.997784	0.032556	0.006951	-0.014847	0.999335	0.014892	0.064908	-0.030194	-0.265195	-0.024192	0.143344	0.014860	-0.064862	-0.997784	0.024416	-0.056339	-0.045414	0.000000	0.000000	0.000000	-1.000000	62307.424141		
2013092223075821800	CMDevMotMag	2013-09-22 23:07:58.218	R	22A7CFE3-2413-41D2-80F8-C693F17141F9		-132.353195	121.166367	-232.162613	0.000000	62307.452342		
2013092223075822900	CMGyro	2013-09-22 23:07:58.229	R	22A7CFE3-2413-41D2-80F8-C693F17141F9		-0.081571	-0.201496	0.239864	62307.455400		
2013092223075824500	CMDevMot	2013-09-22 23:07:58.244	R	22A7CFE3-2413-41D2-80F8-C693F17141F9		0.999655	0.024484	0.009543	-0.023881	0.997980	-0.058876	-0.010966	0.058628	0.998220	0.029391	0.005130	-0.012097	0.999482	0.010985	0.058661	-0.024528	-0.195326	-0.184877	0.213265	0.010966	-0.058628	-0.998220	0.005392	-0.046978	-0.069758	0.000000	0.000000	0.000000	-1.000000	62307.455400		
2013092223075825800	CMDevMotMag	2013-09-22 23:07:58.257	R	22A7CFE3-2413-41D2-80F8-C693F17141F9		-131.680511	121.501541	-230.850037	0.000000	62307.491203		
2013092223075826000	CMGyro	2013-09-22 23:07:58.260	R	22A7CFE3-2413-41D2-80F8-C693F17141F9		-0.072671	-0.211856	0.164935	62307.486660		
2013092223075827700	CMDevMot	2013-09-22 23:07:58.276	R	22A7CFE3-2413-41D2-80F8-C693F17141F9		0.999834	0.018147	0.001701	-0.018029	0.998392	-0.053742	-0.002673	0.053702	0.998553	0.026872	0.001094	-0.009048	0.999597	0.002677	0.053728	-0.018174	-0.186365	-0.195481	0.138355	0.002673	-0.053702	-0.998553	-0.035297	-0.009378	0.025058	0.000000	0.000000	0.000000	-1.000000	62307.486660		
2013092223075829200	CMGyro	2013-09-22 23:07:58.291	R	22A7CFE3-2413-41D2-80F8-C693F17141F9		-0.124207	-0.142097	0.055804	62307.517919		
2013092223075829700	CMDevMotMag	2013-09-22 23:07:58.297	R	22A7CFE3-2413-41D2-80F8-C693F17141F9		-131.848679	122.004318	-233.967407	0.000000	62307.530007		
2013092223075830800	CMDevMot	2013-09-22 23:07:58.307	R	22A7CFE3-2413-41D2-80F8-C693F17141F9		0.999866	0.016149	-0.002497	-0.016248	0.998781	-0.046616	0.001741	0.046650	0.998910	0.023324	-0.001060	-0.008102	0.999695	-0.001743	0.046667	-0.016167	-0.239653	-0.125596	0.029072	-0.001741	-0.046650	-0.998910	-0.020430	-0.043850	0.002145	0.000000	0.000000	0.000000	-1.000000	62307.517919		
2013092223075832300	CMGyro	2013-09-22 23:07:58.323	R	22A7CFE3-2413-41D2-80F8-C693F17141F9		-0.059434	-0.095492	0.056025	62307.549179		
2013092223075833500	CMDevMotMag	2013-09-22 23:07:58.335	R	22A7CFE3-2413-41D2-80F8-C693F17141F9		-132.689545	121.836731	-234.787781	0.000000	62307.568831		
2013092223075833900	CMDevMot	2013-09-22 23:07:58.338	R	22A7CFE3-2413-41D2-80F8-C693F17141F9		0.999870	0.014945	-0.006023	-0.015186	0.998996	-0.042142	0.005387	0.042228	0.999093	0.021098	-0.002853	-0.007535	0.999745	-0.005392	0.042240	-0.014959	-0.174818	-0.079002	0.029294	-0.005387	-0.042228	-0.999093	-0.024108	-0.045327	0.004083	0.000000	0.000000	0.000000	-1.000000	62307.549179		
2013092223075835400	CMGyro	2013-09-22 23:07:58.354	R	22A7CFE3-2413-41D2-80F8-C693F17141F9		-0.022593	-0.151681	-0.008204	62307.580439		
2013092223075837000	CMDevMot	2013-09-22 23:07:58.370	R	22A7CFE3-2413-41D2-80F8-C693F17141F9		0.999832	0.015856	-0.009243	-0.016201	0.999127	-0.038513	0.008624	0.038656	0.999215	0.019297	-0.004468	-0.008016	0.999772	-0.008631	0.038666	-0.015868	-0.137921	-0.135203	-0.034934	-0.008624	-0.038656	-0.999215	0.018985	-0.067316	-0.026511	0.000000	0.000000	0.000000	-1.000000	62307.580439		
2013092223075837400	CMDevMotMag	2013-09-22 23:07:58.373	R	22A7CFE3-2413-41D2-80F8-C693F17141F9		-133.866776	122.674667	-233.311127	0.000000	62307.607620		
2013092223075838600	CMGyro	2013-09-22 23:07:58.385	R	22A7CFE3-2413-41D2-80F8-C693F17141F9		-0.016800	-0.160173	-0.004426	62307.611698		
2013092223075840100	CMDevMot	2013-09-22 23:07:58.401	R	22A7CFE3-2413-41D2-80F8-C693F17141F9		0.999770	0.016447	-0.013788	-0.016948	0.999171	-0.037008	0.013168	0.037233	0.999220	0.018564	-0.006741	-0.008351	0.999770	-0.013178	0.037241	-0.016459	-0.132043	-0.143671	-0.031157	-0.013168	-0.037233	-0.999220	0.007080	-0.063490	0.049620	0.000000	0.000000	0.000000	-1.000000	62307.611698		
2013092223075841200	CMDevMotMag	2013-09-22 23:07:58.412	R	22A7CFE3-2413-41D2-80F8-C693F17141F9		-133.866776	121.669144	-232.982971	0.000000	62307.645898		
2013092223075841700	CMGyro	2013-09-22 23:07:58.416	R	22A7CFE3-2413-41D2-80F8-C693F17141F9		0.018364	-0.103528	-0.008403	62307.642958		
2013092223075843200	CMDevMot	2013-09-22 23:07:58.432	R	22A7CFE3-2413-41D2-80F8-C693F17141F9		0.999714	0.017796	-0.016001	-0.018356	0.999197	-0.035604	0.015355	0.035887	0.999238	0.017877	-0.007841	-0.009040	0.999769	-0.015365	0.035895	-0.017808	-0.096768	-0.086993	-0.035135	-0.015355	-0.035887	-0.999238	0.023015	-0.075242	0.025010	0.000000	0.000000	0.000000	-1.000000	62307.642958		
2013092223075844800	CMGyro	2013-09-22 23:07:58.448	R	22A7CFE3-2413-41D2-80F8-C693F17141F9		0.043073	-0.042949	-0.022032	62307.674218		
2013092223075845100	CMDevMotMag	2013-09-22 23:07:58.451	R	22A7CFE3-2413-41D2-80F8-C693F17141F9		-133.362244	122.507080	-232.490753	0.000000	62307.684710		
2013092223075846500	CMDevMot	2013-09-22 23:07:58.464	R	22A7CFE3-2413-41D2-80F8-C693F17141F9		0.999666	0.018933	-0.017581	-0.019560	0.999153	-0.036200	0.016881	0.036532	0.999190	0.018188	-0.008618	-0.009626	0.999751	-0.016893	0.036540	-0.018947	-0.071936	-0.026397	-0.048764	-0.016881	-0.036532	-0.999190	0.012074	-0.081647	0.070952	0.000000	0.000000	0.000000	-1.000000	62307.674218		
2013092223075847900	CMGyro	2013-09-22 23:07:58.479	R	22A7CFE3-2413-41D2-80F8-C693F17141F9		0.028540	0.005534	0.053289	62307.705477		
2013092223075848900	CMDevMotMag	2013-09-22 23:07:58.489	R	22A7CFE3-2413-41D2-80F8-C693F17141F9		-134.371292	122.507080	-233.147049	0.000000	62307.723533		
2013092223075849500	CMDevMot	2013-09-22 23:07:58.494	R	22A7CFE3-2413-41D2-80F8-C693F17141F9		0.999663	0.019509	-0.017132	-0.020076	0.999235	-0.033551	0.016464	0.033883	0.999290	0.016862	-0.008401	-0.009898	0.999774	-0.016474	0.033890	-0.019522	-0.086469	0.022086	0.026557	-0.016464	-0.033883	-0.999290	0.026611	-0.103141	0.045189	0.000000	0.000000	0.000000	-1.000000	62307.705477		
2013092223075851000	CMGyro	2013-09-22 23:07:58.510	R	22A7CFE3-2413-41D2-80F8-C693F17141F9		0.060729	-0.043181	0.084103	62307.736737		
2013092223075852600	CMDevMot	2013-09-22 23:07:58.526	R	22A7CFE3-2413-41D2-80F8-C693F17141F9		0.999695	0.017867	-0.017070	-0.018455	0.999219	-0.034954	0.016433	0.035258	0.999243	0.017557	-0.008378	-0.009082	0.999770	-0.016444	0.035265	-0.017879	-0.054138	-0.026586	0.057369	-0.016433	-0.035258	-0.999243	0.008025	-0.088872	0.065070	0.000000	0.000000	0.000000	-1.000000	62307.736737		
2013092223075852800	CMDevMotMag	2013-09-22 23:07:58.528	R	22A7CFE3-2413-41D2-80F8-C693F17141F9		-133.530426	123.680191	-233.967407	0.000000	62307.762298		
2013092223075854100	CMGyro	2013-09-22 23:07:58.541	R	22A7CFE3-2413-41D2-80F8-C693F17141F9		0.025612	0.099460	0.109160	62307.767997		
2013092223075855800	CMDevMot	2013-09-22 23:07:58.557	R	22A7CFE3-2413-41D2-80F8-C693F17141F9		0.999761	0.016073	-0.014841	-0.016597	0.999220	-0.035829	0.014254	0.036067	0.999248	0.017978	-0.007275	-0.008169	0.999779	-0.014264	0.036075	-0.016085	-0.089111	0.116071	0.082426	-0.014254	-0.036067	-0.999248	0.029009	-0.113256	0.053645	0.000000	0.000000	0.000000	-1.000000	62307.767997		
2013092223075856700	CMDevMotMag	2013-09-22 23:07:58.567	R	22A7CFE3-2413-41D2-80F8-C693F17141F9		-134.203125	123.009842	-234.951843	0.000000	62307.801132		
2013092223075857300	CMGyro	2013-09-22 23:07:58.573	R	22A7CFE3-2413-41D2-80F8-C693F17141F9		-0.025645	0.135818	0.219376	62307.799257		
2013092223075858900	CMDevMot	2013-09-22 23:07:58.588	R	22A7CFE3-2413-41D2-80F8-C693F17141F9		0.999908	0.011202	-0.007676	-0.011521	0.999019	-0.042768	0.007190	0.042853	0.999056	0.021411	-0.003717	-0.005682	0.999748	-0.007196	0.042866	-0.011213	-0.139896	0.152553	0.192634	-0.007190	-0.042853	-0.999056	0.020770	-0.098962	0.012788	0.000000	0.000000	0.000000	-1.000000	62307.799257		
2013092223075860500	CMGyro	2013-09-22 23:07:58.604	R	22A7CFE3-2413-41D2-80F8-C693F17141F9		-0.014605	0.081786	0.235826	62307.830516		
2013092223075860600	CMDevMotMag	2013-09-22 23:07:58.606	R	22A7CFE3-2413-41D2-80F8-C693F17141F9		-132.353195	123.177429	-234.459625	0.000000	62307.839949		
2013092223075862100	CMDevMot	2013-09-22 23:07:58.620	R	22A7CFE3-2413-41D2-80F8-C693F17141F9		0.999979	0.004862	-0.004218	-0.005029	0.999167	-0.040500	0.004018	0.040521	0.999171	0.020260	-0.002060	-0.002473	0.999790	-0.004021	0.040532	-0.004866	-0.128752	0.098514	0.209087	-0.004018	-0.040521	-0.999171	-0.006526	-0.079642	-0.040777	0.000000	0.000000	0.000000	-1.000000	62307.830516		
2013092223075863500	CMGyro	2013-09-22 23:07:58.635	R	22A7CFE3-2413-41D2-80F8-C693F17141F9		0.056179	0.046956	0.204696	62307.861776		
2013092223075864400	CMDevMotMag	2013-09-22 23:07:58.644	R	22A7CFE3-2413-41D2-80F8-C693F17141F9		-132.185028	123.680191	-233.967407	0.000000	62307.878583		
2013092223075865100	CMDevMot	2013-09-22 23:07:58.651	R	22A7CFE3-2413-41D2-80F8-C693F17141F9		0.999999	-0.000873	-0.001427	0.000819	0.999295	-0.037538	0.001459	0.037537	0.999294	0.018772	-0.000722	0.000423	0.999823	-0.001460	0.037546	0.000874	-0.057967	0.063684	0.177957	-0.001459	-0.037537	-0.999294	-0.002584	-0.095413	-0.072620	0.000000	0.000000	0.000000	-1.000000	62307.861776		
2013092223075866700	CMGyro	2013-09-22 23:07:58.667	R	22A7CFE3-2413-41D2-80F8-C693F17141F9		0.102089	-0.032084	0.199830	62307.893036		
2013092223075868300	CMDevMot	2013-09-22 23:07:58.682	R	22A7CFE3-2413-41D2-80F8-C693F17141F9		0.999977	-0.006638	-0.001375	0.006578	0.999196	-0.039543	0.001636	0.039533	0.999217	0.019773	-0.000753	0.003305	0.999799	-0.001637	0.039544	0.006643	-0.011931	-0.015356	0.173092	-0.001636	-0.039533	-0.999217	-0.004376	-0.090853	-0.029424	0.000000	0.000000	0.000000	-1.000000	62307.893036		
2013092223075868300	CMDevMotMag	2013-09-22 23:07:58.683	R	22A7CFE3-2413-41D2-80F8-C693F17141F9		-134.371292	122.842255	-234.131485	0.000000	62307.917506		
2013092223075869900	CMGyro	2013-09-22 23:07:58.698	R	22A7CFE3-2413-41D2-80F8-C693F17141F9		0.137262	0.031645	0.198077	62307.924295		
2013092223075871700	CMDevMot	2013-09-22 23:07:58.713	R	22A7CFE3-2413-41D2-80F8-C693F17141F9		0.999927	-0.012037	-0.000782	0.011992	0.999011	-0.042810	0.001297	0.042797	0.999083	0.021407	-0.000520	0.006009	0.999753	-0.001298	0.042811	0.012048	0.023387	0.048372	0.171341	-0.001297	-0.042797	-0.999083	-0.005112	-0.087589	0.011183	0.000000	0.000000	0.000000	-1.000000	62307.924295		
2013092223075872400	CMDevMotMag	2013-09-22 23:07:58.724	R	22A7CFE3-2413-41D2-80F8-C693F17141F9		-133.362244	124.182968	-233.147049	0.000000	62307.956078		
2013092223075873000	CMGyro	2013-09-22 23:07:58.729	R	22A7CFE3-2413-41D2-80F8-C693F17141F9		0.069755	0.085989	0.151292	62307.955555		
2013092223075874500	CMDevMot	2013-09-22 23:07:58.745	R	22A7CFE3-2413-41D2-80F8-C693F17141F9		0.999861	-0.016670	0.000783	0.016688	0.998836	-0.045253	-0.000027	0.045259	0.998975	0.022635	0.000203	0.008342	0.999709	0.000027	0.045275	0.016688	-0.043988	0.102698	0.124558	0.000027	-0.045259	-0.998975	-0.008557	-0.086454	0.043424	0.000000	0.000000	0.000000	-1.000000	62307.955555		
2013092223075876200	CMGyro	2013-09-22 23:07:58.761	R	22A7CFE3-2413-41D2-80F8-C693F17141F9		0.039094	0.203627	0.228620	62307.986815		
2013092223075876200	CMDevMotMag	2013-09-22 23:07:58.762	R	22A7CFE3-2413-41D2-80F8-C693F17141F9		-133.362244	123.512604	-234.459625	0.000000	62307.994879		
2013092223075877600	CMDevMot	2013-09-22 23:07:58.776	R	22A7CFE3-2413-41D2-80F8-C693F17141F9		0.999734	-0.022008	0.006861	0.022297	0.998723	-0.045330	-0.005854	0.045471	0.998949	0.022708	0.003180	0.011080	0.999676	0.005860	0.045487	0.022033	-0.074529	0.220355	0.201885	0.005854	-0.045471	-0.998949	0.007589	-0.080475	-0.017928	0.000000	0.000000	0.000000	-1.000000	62307.986815		
2013092223075879200	CMGyro	2013-09-22 23:07:58.792	R	22A7CFE3-2413-41D2-80F8-C693F17141F9		-0.013740	0.282860	0.175744	62308.018074		
2013092223075880000	CMDevMotMag	2013-09-22 23:07:58.800	R	22A7CFE3-2413-41D2-80F8-C693F17141F9		-133.530426	123.009842	-233.967407	0.000000	62308.033852		
2013092223075880800	CMDevMot	2013-09-22 23:07:58.807	R	22A7CFE3-2413-41D2-80F8-C693F17141F9		0.999515	-0.027621	0.014409	0.028207	0.998713	-0.042156	-0.013226	0.042542	0.999007	0.021182	0.006911	0.013962	0.999654	0.013238	0.042555	0.027650	-0.127362	0.299588	0.149010	0.013226	-0.042542	-0.999007	-0.022244	-0.071365	-0.038072	0.000000	0.000000	0.000000	-1.000000	62308.018074		
2013092223075882300	CMGyro	2013-09-22 23:07:58.823	R	22A7CFE3-2413-41D2-80F8-C693F17141F9		0.042917	0.303836	0.157480	62308.049334		
2013092223075883900	CMDevMotMag	2013-09-22 23:07:58.839	R	22A7CFE3-2413-41D2-80F8-C693F17141F9		-131.175980	124.685730	-234.951843	0.000000	62308.072656		
2013092223075883900	CMDevMot	2013-09-22 23:07:58.839	R	22A7CFE3-2413-41D2-80F8-C693F17141F9		0.999182	-0.032165	0.024526	0.033138	0.998636	-0.040354	-0.023194	0.041134	0.998884	0.020380	0.011935	0.016333	0.999588	0.023216	0.041145	0.032198	-0.070598	0.320535	0.130750	0.023194	-0.041134	-0.998884	-0.021836	-0.051395	-0.166902	0.000000	0.000000	0.000000	-1.000000	62308.049334		
2013092223075885400	CMGyro	2013-09-22 23:07:58.854	R	22A7CFE3-2413-41D2-80F8-C693F17141F9		0.134302	0.128632	0.062205	62308.080594		
2013092223075887000	CMDevMot	2013-09-22 23:07:58.870	R	22A7CFE3-2413-41D2-80F8-C693F17141F9		0.998917	-0.034425	0.031312	0.035658	0.998575	-0.039693	-0.029901	0.040767	0.998721	0.020125	0.015311	0.017529	0.999527	0.029931	0.040778	0.034460	0.020787	0.145331	0.035475	0.029901	-0.040767	-0.998721	-0.018717	-0.035649	-0.122952	0.000000	0.000000	0.000000	-1.000000	62308.080594		
2013092223075887700	CMDevMotMag	2013-09-22 23:07:58.877	R	22A7CFE3-2413-41D2-80F8-C693F17141F9		-133.530426	124.350555	-234.623703	0.000000	62308.111571		
2013092223075888600	CMGyro	2013-09-22 23:07:58.885	R	22A7CFE3-2413-41D2-80F8-C693F17141F9		0.131751	0.134530	0.119680	62308.111853		
2013092223075890100	CMDevMot	2013-09-22 23:07:58.901	R	22A7CFE3-2413-41D2-80F8-C693F17141F9		0.998704	-0.036374	0.035605	0.037796	0.998480	-0.040113	-0.034092	0.041407	0.998561	0.020391	0.017433	0.018552	0.999468	0.034128	0.041418	0.036413	0.018237	0.151228	0.092950	0.034092	-0.041407	-0.998561	0.009854	-0.031378	-0.068532	0.000000	0.000000	0.000000	-1.000000	62308.111853		
2013092223075891800	CMDevMotMag	2013-09-22 23:07:58.917	R	22A7CFE3-2413-41D2-80F8-C693F17141F9		-131.344162	123.847778	-233.475189	0.000000	62308.150427		
2013092223075891800	CMGyro	2013-09-22 23:07:58.918	R	22A7CFE3-2413-41D2-80F8-C693F17141F9		0.154789	0.259472	0.100152	62308.143113		
2013092223075893300	CMDevMot	2013-09-22 23:07:58.932	R	22A7CFE3-2413-41D2-80F8-C693F17141F9		0.998349	-0.039159	0.042023	0.040908	0.998296	-0.041603	-0.040322	0.043254	0.998250	0.021228	0.020600	0.020030	0.999362	0.040371	0.043267	0.039206	0.041304	0.276173	0.073423	0.040322	-0.043254	-0.998250	-0.041665	0.015635	-0.034450	0.000000	0.000000	0.000000	-1.000000	62308.143113		
2013092223075894800	CMGyro	2013-09-22 23:07:58.948	R	22A7CFE3-2413-41D2-80F8-C693F17141F9		0.189923	0.339457	0.008728	62308.174373		
2013092223075895600	CMDevMotMag	2013-09-22 23:07:58.956	R	22A7CFE3-2413-41D2-80F8-C693F17141F9		-130.503281	124.685730	-234.295563	0.000000	62308.189248		
2013092223075896400	CMDevMot	2013-09-22 23:07:58.963	R	22A7CFE3-2413-41D2-80F8-C693F17141F9		0.997886	-0.039698	0.051446	0.041871	0.998245	-0.041886	-0.049693	0.043951	0.997797	0.021476	0.025304	0.020408	0.999241	0.049761	0.043965	0.039747	0.076407	0.356082	-0.017994	0.049693	-0.043951	-0.997797	-0.035166	0.029165	-0.087698	0.000000	0.000000	0.000000	-1.000000	62308.174373		
2013092223075897900	CMGyro	2013-09-22 23:07:58.979	R	22A7CFE3-2413-41D2-80F8-C693F17141F9		0.351134	0.174698	-0.013851	62308.205633		
2013092223075899400	CMDevMotMag	2013-09-22 23:07:58.994	R	22A7CFE3-2413-41D2-80F8-C693F17141F9		-131.344162	124.182968	-233.803345	0.000000	62308.227933		
2013092223075899500	CMDevMot	2013-09-22 23:07:58.995	R	22A7CFE3-2413-41D2-80F8-C693F17141F9		0.997519	-0.038108	0.059197	0.040872	0.998095	-0.046213	-0.057323	0.048518	0.997176	0.023704	0.029156	0.019763	0.999098	0.057422	0.048537	0.038162	0.237584	0.191284	-0.040569	0.057323	-0.048518	-0.997176	-0.024730	0.020091	-0.097184	0.000000	0.000000	0.000000	-1.000000	62308.205633		
2013092223075901100	CMGyro	2013-09-22 23:07:59.010	R	22A7CFE3-2413-41D2-80F8-C693F17141F9		0.424910	-0.059718	0.052769	62308.236892		
2013092223075902600	CMDevMot	2013-09-22 23:07:59.026	R	22A7CFE3-2413-41D2-80F8-C693F17141F9		0.997438	-0.037459	0.060943	0.040806	0.997672	-0.054631	-0.058755	0.056978	0.996645	0.027931	0.029955	0.019586	0.998969	0.058884	0.057009	0.037529	0.311327	-0.043147	0.026053	0.058755	-0.056978	-0.996645	-0.003823	0.037157	0.021547	0.000000	0.000000	0.000000	-1.000000	62308.236892		
2013092223075903300	CMDevMotMag	2013-09-22 23:07:59.033	R	22A7CFE3-2413-41D2-80F8-C693F17141F9		-130.839630	122.674667	-233.967407	0.000000	62308.266850		
2013092223075904200	CMGyro	2013-09-22 23:07:59.042	R	22A7CFE3-2413-41D2-80F8-C693F17141F9		0.377171	-0.118058	0.034226	62308.268152		
2013092223075905800	CMDevMot	2013-09-22 23:07:59.057	R	22A7CFE3-2413-41D2-80F8-C693F17141F9		0.997616	-0.037720	0.057791	0.041394	0.997107	-0.063758	-0.055219	0.065998	0.996291	0.032475	0.028284	0.019801	0.998876	0.055368	0.066046	0.037812	0.263589	-0.101486	0.007510	0.055219	-0.065998	-0.996291	-0.009305	0.070072	0.115538	0.000000	0.000000	0.000000	-1.000000	62308.268152		
2013092223075907300	CMDevMotMag	2013-09-22 23:07:59.073	R	22A7CFE3-2413-41D2-80F8-C693F17141F9		-131.175980	123.345016	-233.967407	0.000000	62308.305651		
2013092223075907300	CMGyro	2013-09-22 23:07:59.073	R	22A7CFE3-2413-41D2-80F8-C693F17141F9		0.369373	0.002866	0.055423	62308.299412		
2013092223075908900	CMDevMot	2013-09-22 23:07:59.088	R	22A7CFE3-2413-41D2-80F8-C693F17141F9		0.997665	-0.037204	0.057269	0.041293	0.996552	-0.071965	-0.054394	0.074162	0.995762	0.036578	0.027951	0.019649	0.998747	0.054571	0.074230	0.037315	0.255791	0.019437	0.028707	0.054394	-0.074162	-0.995762	0.043354	0.059468	0.100239	0.000000	0.000000	0.000000	-1.000000	62308.299412		
2013092223075910400	CMGyro	2013-09-22 23:07:59.104	R	22A7CFE3-2413-41D2-80F8-C693F17141F9		0.239302	-0.090471	0.221966	62308.330672		
2013092223075911000	CMDevMotMag	2013-09-22 23:07:59.110	R	22A7CFE3-2413-41D2-80F8-C693F17141F9		-131.175980	122.004318	-234.295563	0.000000	62308.344245		
2013092223075912000	CMDevMot	2013-09-22 23:07:59.120	R	22A7CFE3-2413-41D2-80F8-C693F17141F9		0.997387	-0.040930	0.059534	0.045433	0.996045	-0.076355	-0.056174	0.078860	0.995302	0.038858	0.028968	0.021621	0.998591	0.056379	0.078942	0.041069	0.125626	-0.073756	0.195235	0.056174	-0.078860	-0.995302	0.047586	0.065402	0.066560	0.000000	0.000000	0.000000	-1.000000	62308.330672		
2013092223075913600	CMGyro	2013-09-22 23:07:59.136	R	22A7CFE3-2413-41D2-80F8-C693F17141F9		0.105100	-0.050216	0.264889	62308.361931		
2013092223075914900	CMDevMotMag	2013-09-22 23:07:59.149	R	22A7CFE3-2413-41D2-80F8-C693F17141F9		-130.671463	121.501541	-233.475189	0.000000	62308.383062		
2013092223075915100	CMDevMot	2013-09-22 23:07:59.151	R	22A7CFE3-2413-41D2-80F8-C693F17141F9		0.997167	-0.047866	0.058031	0.052160	0.995827	-0.074883	-0.054204	0.077698	0.995502	0.038200	0.028099	0.025043	0.998561	0.054395	0.077776	0.048030	-0.008703	-0.033438	0.238150	0.054204	-0.077698	-0.995502	0.016154	0.067581	0.058094	0.000000	0.000000	0.000000	-1.000000	62308.361931		
2013092223075916600	CMGyro	2013-09-22 23:07:59.166	R	22A7CFE3-2413-41D2-80F8-C693F17141F9		0.145352	0.085563	0.227808	62308.393191		
2013092223075918300	CMDevMot	2013-09-22 23:07:59.182	R	22A7CFE3-2413-41D2-80F8-C693F17141F9		0.996704	-0.055062	0.059585	0.059340	0.995596	-0.072573	-0.055326	0.075870	0.995582	0.037167	0.028771	0.028644	0.998484	0.055515	0.075943	0.055249	0.031409	0.102319	0.201068	0.055326	-0.075870	-0.995582	-0.007368	0.072131	-0.027825	0.000000	0.000000	0.000000	-1.000000	62308.393191		
