2013092223155724000	Event	Test Begin	Default Test	2013-09-22 23:15:57.218	R	22A7CFE3-2413-41D2-80F8-C693F17141F9	ApioTest version 1.07		
2013092223155724000	Config	Local Default		DevMotRate	32.0	MagnetometerRate	32.0	LocDistanceFilter	20	AccelerometerRate	32.0	GyroRate	32.0		
2013092223155724000	Customer	22A7CFE3-2413-41D2-80F8-C693F17141F9	Kayla	Washenberger	6517697331			
2013092223155724000	Vehicle	Chevy	Monte Carlo	1999	Black			
2013092223155724000	Event	Text	Default Test	2013-09-22 23:15:57.217	R	22A7CFE3-2413-41D2-80F8-C693F17141F9	Driver		
2013092223155727800	CMGyro	2013-09-22 23:15:57.277	R	22A7CFE3-2413-41D2-80F8-C693F17141F9		0.237418	0.265128	-0.156133	62786.503107		
2013092223155729300	CMDevMot	2013-09-22 23:15:57.293	R	22A7CFE3-2413-41D2-80F8-C693F17141F9		0.998487	0.002535	0.054935	0.000675	0.998297	-0.058332	-0.054989	0.058281	0.996785	0.029177	0.027503	-0.000465	0.999196	0.055111	0.058314	-0.002539	0.122803	0.284946	-0.183684	0.054989	-0.058281	-0.996785	0.002704	-0.003990	-0.079189	0.000000	0.000000	0.000000	-1.000000	62786.503107		
2013092223155730900	CMGyro	2013-09-22 23:15:57.308	R	22A7CFE3-2413-41D2-80F8-C693F17141F9		0.373591	0.081964	-0.136454	62786.534366		
2013092223155731600	CMDevMotMag	2013-09-22 23:15:57.316	R	22A7CFE3-2413-41D2-80F8-C693F17141F9		-129.326065	118.820129	-234.459625	0.000000	62786.550729		
2013092223155731800	Event	Bluetooth	Default Test	2013-09-22 23:15:57.318	R	22A7CFE3-2413-41D2-80F8-C693F17141F9	Bluetooth is currently powered on and available to use.		
2013092223155732200	Location	2013-09-22 23:15:57.322	R	22A7CFE3-2413-41D2-80F8-C693F17141F9		44.965421	-93.243102	256.067165	10.000000	4.000000	0.820000	49.570312	20130922231557243		
2013092223155732300	CMDevMot	2013-09-22 23:15:57.323	R	22A7CFE3-2413-41D2-80F8-C693F17141F9		0.998077	0.008003	0.061472	-0.003927	0.997802	-0.066144	-0.061866	0.065775	0.995915	0.033014	0.030866	-0.002985	0.998974	0.062040	0.065822	-0.008020	0.258976	0.101782	-0.164006	0.061866	-0.065775	-0.995915	0.009698	-0.018118	-0.033062	0.000000	0.000000	0.000000	-1.000000	62786.534366		
2013092223155733900	CMGyro	2013-09-22 23:15:57.339	R	22A7CFE3-2413-41D2-80F8-C693F17141F9		0.179466	-0.098631	-0.014071	62786.565625		
2013092223155735600	CMDevMot	2013-09-22 23:15:57.356	R	22A7CFE3-2413-41D2-80F8-C693F17141F9		0.998082	0.011329	0.060853	-0.007005	0.997466	-0.070798	-0.061501	0.070236	0.995633	0.035298	0.030622	-0.004588	0.998897	0.061692	0.070294	-0.011357	0.064852	-0.078814	-0.041622	0.061501	-0.070236	-0.995633	0.018867	-0.046692	0.023617	0.000000	0.000000	0.000000	-1.000000	62786.565625		
2013092223155735700	CMDevMotMag	2013-09-22 23:15:57.357	R	22A7CFE3-2413-41D2-80F8-C693F17141F9		-130.335114	121.166367	-234.459625	0.000000	62786.589850		
2013092223155737100	CMGyro	2013-09-22 23:15:57.371	R	22A7CFE3-2413-41D2-80F8-C693F17141F9		0.020686	-0.139961	0.078144	62786.596884		
2013092223155738600	CMDevMot	2013-09-22 23:15:57.386	R	22A7CFE3-2413-41D2-80F8-C693F17141F9		0.998297	0.010649	0.057352	-0.006624	0.997531	-0.069908	-0.057955	0.069409	0.995903	0.034865	0.028856	-0.004323	0.998966	0.058127	0.069465	-0.010675	-0.093927	-0.120144	0.050593	0.057955	-0.069409	-0.995903	0.001692	-0.040454	0.048821	0.000000	0.000000	0.000000	-1.000000	62786.596884		
2013092223155739400	CMDevMotMag	2013-09-22 23:15:57.394	R	22A7CFE3-2413-41D2-80F8-C693F17141F9		-130.839630	118.317368	-234.295563	0.000000	62786.628676		
2013092223155740200	CMGyro	2013-09-22 23:15:57.402	R	22A7CFE3-2413-41D2-80F8-C693F17141F9		-0.019527	-0.076574	0.088091	62786.628143		
2013092223155741800	CMDevMot	2013-09-22 23:15:57.418	R	22A7CFE3-2413-41D2-80F8-C693F17141F9		0.998461	0.008251	0.054842	-0.004640	0.997832	-0.065647	-0.055265	0.065291	0.996335	0.032765	0.027552	-0.003226	0.999078	0.055412	0.065338	-0.008269	-0.134139	-0.056757	0.060540	0.055265	-0.065291	-0.996335	-0.012449	-0.029176	0.000043	0.000000	0.000000	0.000000	-1.000000	62786.628143		
2013092223155743400	CMGyro	2013-09-22 23:15:57.434	R	22A7CFE3-2413-41D2-80F8-C693F17141F9		0.123305	-0.013003	0.022258	62786.659402		
2013092223155743400	CMDevMotMag	2013-09-22 23:15:57.434	R	22A7CFE3-2413-41D2-80F8-C693F17141F9		-129.830582	119.993256	-234.951843	0.000000	62786.667611		
2013092223155744900	CMDevMot	2013-09-22 23:15:57.448	R	22A7CFE3-2413-41D2-80F8-C693F17141F9		0.998650	0.007264	0.051438	-0.003843	0.997793	-0.066290	-0.051806	0.066003	0.996474	0.033103	0.025834	-0.002779	0.999114	0.051942	0.066051	-0.007280	0.008728	0.006781	-0.005288	0.051806	-0.066003	-0.996474	-0.015795	-0.021674	-0.015154	0.000000	0.000000	0.000000	-1.000000	62786.659402		
2013092223155746500	CMGyro	2013-09-22 23:15:57.465	R	22A7CFE3-2413-41D2-80F8-C693F17141F9		0.225395	0.047429	-0.035957	62786.690661		
2013092223155747300	CMDevMotMag	2013-09-22 23:15:57.473	R	22A7CFE3-2413-41D2-80F8-C693F17141F9		-131.344162	119.825668	-234.131485	0.000000	62786.706498		
2013092223155748100	CMDevMot	2013-09-22 23:15:57.480	R	22A7CFE3-2413-41D2-80F8-C693F17141F9		0.998735	0.008461	0.049564	-0.004937	0.997478	-0.070803	-0.050038	0.070468	0.996258	0.035351	0.024924	-0.003353	0.999058	0.050184	0.070527	-0.008483	0.110854	0.067161	-0.063497	0.050038	-0.070468	-0.996258	-0.026402	-0.017972	-0.000324	0.000000	0.000000	0.000000	-1.000000	62786.690661		
2013092223155749600	CMGyro	2013-09-22 23:15:57.495	R	22A7CFE3-2413-41D2-80F8-C693F17141F9		0.167877	0.034907	-0.076660	62786.721920		
2013092223155751200	CMDevMot	2013-09-22 23:15:57.511	R	22A7CFE3-2413-41D2-80F8-C693F17141F9		0.998721	0.011526	0.049233	-0.007762	0.997080	-0.075970	-0.049965	0.075490	0.995894	0.037904	0.024825	-0.004827	0.998961	0.050129	0.075562	-0.011559	0.053396	0.054589	-0.104194	0.049965	-0.075490	-0.995894	-0.017525	-0.035700	-0.019304	0.000000	0.000000	0.000000	-1.000000	62786.721920		
2013092223155751200	CMDevMotMag	2013-09-22 23:15:57.512	R	22A7CFE3-2413-41D2-80F8-C693F17141F9		-130.335114	119.155304	-233.803345	0.000000	62786.745313		
2013092223155752700	CMGyro	2013-09-22 23:15:57.527	R	22A7CFE3-2413-41D2-80F8-C693F17141F9		0.243556	0.003771	-0.063089	62786.753179		
2013092223155754300	CMDevMot	2013-09-22 23:15:57.543	R	22A7CFE3-2413-41D2-80F8-C693F17141F9		0.998691	0.014469	0.049064	-0.010452	0.996646	-0.081165	-0.050074	0.080546	0.995492	0.040474	0.024813	-0.006237	0.998853	0.050259	0.080633	-0.014517	0.129138	0.023415	-0.090617	0.050074	-0.080546	-0.995492	-0.013499	-0.029333	-0.055274	0.000000	0.000000	0.000000	-1.000000	62786.753179		
2013092223155755100	CMDevMotMag	2013-09-22 23:15:57.550	R	22A7CFE3-2413-41D2-80F8-C693F17141F9		-129.662415	119.490494	-234.131485	0.000000	62786.784328		
2013092223155755800	CMGyro	2013-09-22 23:15:57.558	R	22A7CFE3-2413-41D2-80F8-C693F17141F9		0.238766	-0.026849	-0.073196	62786.784438		
2013092223155757300	CMDevMot	2013-09-22 23:15:57.573	R	22A7CFE3-2413-41D2-80F8-C693F17141F9		0.998639	0.017551	0.049109	-0.013304	0.996248	-0.085518	-0.050426	0.084749	0.995126	0.042620	0.024915	-0.007723	0.998751	0.050630	0.084850	-0.017616	0.124349	-0.007206	-0.100724	0.050426	-0.084749	-0.995126	-0.007808	-0.034560	-0.026923	0.000000	0.000000	0.000000	-1.000000	62786.784438		
2013092223155759000	CMGyro	2013-09-22 23:15:57.589	R	22A7CFE3-2413-41D2-80F8-C693F17141F9		0.285324	0.039662	-0.100684	62786.815697		
2013092223155759000	CMDevMotMag	2013-09-22 23:15:57.590	R	22A7CFE3-2413-41D2-80F8-C693F17141F9		-130.335114	120.831192	-234.131485	0.000000	62786.823174		
2013092223155760500	CMDevMot	2013-09-22 23:15:57.605	R	22A7CFE3-2413-41D2-80F8-C693F17141F9		0.998610	0.021091	0.048303	-0.016311	0.995121	-0.097303	-0.050120	0.096380	0.994082	0.048495	0.024643	-0.009365	0.998475	0.050376	0.096530	-0.021191	0.171155	0.059260	-0.128197	0.050120	-0.096380	-0.994082	0.002035	-0.016687	-0.049253	0.000000	0.000000	0.000000	-1.000000	62786.815697		
2013092223155762100	CMGyro	2013-09-22 23:15:57.621	R	22A7CFE3-2413-41D2-80F8-C693F17141F9		0.427295	0.122529	-0.124546	62786.846956		
2013092223155762800	CMDevMotMag	2013-09-22 23:15:57.628	R	22A7CFE3-2413-41D2-80F8-C693F17141F9		-128.653366	117.144257	-232.818909	0.000000	62786.862188		
2013092223155763600	CMDevMot	2013-09-22 23:15:57.636	R	22A7CFE3-2413-41D2-80F8-C693F17141F9		0.998297	0.026261	0.052099	-0.020462	0.993847	-0.108856	-0.054638	0.107605	0.992691	0.054218	0.026735	-0.011703	0.998103	0.054984	0.107813	-0.026417	0.313256	0.142157	-0.152055	0.054638	-0.107605	-0.992691	0.009907	-0.022049	-0.018203	0.000000	0.000000	0.000000	-1.000000	62786.846956		
2013092223155765200	CMGyro	2013-09-22 23:15:57.652	R	22A7CFE3-2413-41D2-80F8-C693F17141F9		0.335921	0.107934	-0.049346	62786.878215		
2013092223155766800	CMDevMotMag	2013-09-22 23:15:57.668	R	22A7CFE3-2413-41D2-80F8-C693F17141F9		-129.494232	118.317368	-231.998535	0.000000	62786.901125		
2013092223155766800	CMDevMot	2013-09-22 23:15:57.668	R	22A7CFE3-2413-41D2-80F8-C693F17141F9		0.997935	0.030160	0.056707	-0.023328	0.992798	-0.117508	-0.059842	0.115943	0.991452	0.058493	0.029202	-0.013402	0.997771	0.060285	0.116204	-0.030370	0.221882	0.127562	-0.076855	0.059842	-0.115943	-0.991452	0.009478	-0.019937	-0.011783	0.000000	0.000000	0.000000	-1.000000	62786.878215		
2013092223155768400	CMGyro	2013-09-22 23:15:57.683	R	22A7CFE3-2413-41D2-80F8-C693F17141F9		0.237074	-0.057718	0.033176	62786.909474		
2013092223155769900	CMDevMot	2013-09-22 23:15:57.699	R	22A7CFE3-2413-41D2-80F8-C693F17141F9		0.997743	0.031507	0.059293	-0.023884	0.991852	-0.125135	-0.062752	0.123436	0.990366	0.062299	0.030588	-0.013883	0.997492	0.063278	0.123752	-0.031755	0.123190	-0.037992	0.005665	0.062752	-0.123436	-0.990366	0.011451	-0.012169	-0.037084	0.000000	0.000000	0.000000	-1.000000	62786.909474		
2013092223155770600	CMDevMotMag	2013-09-22 23:15:57.706	R	22A7CFE3-2413-41D2-80F8-C693F17141F9		-129.998764	118.149780	-231.506317	0.000000	62786.939964		
2013092223155771700	CMGyro	2013-09-22 23:15:57.717	R	22A7CFE3-2413-41D2-80F8-C693F17141F9		0.194396	-0.128733	0.046697	62786.940733		
2013092223155773600	CMDevMot	2013-09-22 23:15:57.736	R	22A7CFE3-2413-41D2-80F8-C693F17141F9		0.997930	0.031052	0.056310	-0.023691	0.991625	-0.126961	-0.059780	0.125364	0.990308	0.063241	0.029096	-0.013720	0.997480	0.060292	0.125695	-0.031304	0.080450	-0.109005	0.019182	0.059780	-0.125364	-0.990308	-0.001812	0.008909	-0.017764	0.000000	0.000000	0.000000	-1.000000	62786.940733		
2013092223155774500	CMDevMotMag	2013-09-22 23:15:57.745	R	22A7CFE3-2413-41D2-80F8-C693F17141F9		-129.662415	117.814606	-233.475189	0.000000	62786.978831		
2013092223155774600	CMGyro	2013-09-22 23:15:57.746	R	22A7CFE3-2413-41D2-80F8-C693F17141F9		0.211439	-0.020250	0.022666	62786.982412		
2013092223155776200	CMDevMot	2013-09-22 23:15:57.762	R	22A7CFE3-2413-41D2-80F8-C693F17141F9		0.998171	0.030689	0.052084	-0.023868	0.991633	-0.126867	-0.055542	0.125391	0.990551	0.063220	0.026973	-0.013673	0.997541	0.056013	0.125722	-0.030938	0.097289	-0.000684	-0.004842	0.055542	-0.125391	-0.990551	-0.018646	0.023875	-0.016132	-2.295562	-26.345657	-47.618771	1.000000	62786.982412		
2013092223155777200	Heading	2013-09-22 23:15:57.772	R	22A7CFE3-2413-41D2-80F8-C693F17141F9		165.776672	166.203629	35.000000	-1.613571	-26.409065	-48.168961	20130922231557770		
2013092223155777700	CMGyro	2013-09-22 23:15:57.777	R	22A7CFE3-2413-41D2-80F8-C693F17141F9		0.164605	-0.031675	0.032686	62787.013671		
2013092223155778400	CMDevMotMag	2013-09-22 23:15:57.784	R	22A7CFE3-2413-41D2-80F8-C693F17141F9		-128.989716	118.820129	-232.162613	0.000000	62787.017659		
2013092223155779300	CMDevMot	2013-09-22 23:15:57.792	R	22A7CFE3-2413-41D2-80F8-C693F17141F9		0.998276	0.030827	0.049949	-0.024342	0.991782	-0.125604	-0.053411	0.124171	0.990822	0.062594	0.025902	-0.013825	0.997607	0.053853	0.124493	-0.031072	0.050199	-0.012256	0.005180	0.053411	-0.124171	-0.990822	-0.001424	0.018046	-0.039466	-2.450041	-26.299364	-47.636658	1.000000	62787.013671		
2013092223155780800	CMGyro	2013-09-22 23:15:57.808	R	22A7CFE3-2413-41D2-80F8-C693F17141F9		0.141611	-0.020920	0.099143	62787.044931		
2013092223155782400	CMDevMotMag	2013-09-22 23:15:57.822	R	22A7CFE3-2413-41D2-80F8-C693F17141F9		-129.662415	118.820129	-232.162613	0.000000	62787.056402		
2013092223155782500	CMDevMot	2013-09-22 23:15:57.825	R	22A7CFE3-2413-41D2-80F8-C693F17141F9		0.998350	0.029458	0.049294	-0.023081	0.991854	-0.125275	-0.052583	0.123931	0.990897	0.062449	0.025530	-0.013166	0.997635	0.053016	0.124250	-0.029691	0.027096	-0.001525	0.071635	0.052583	-0.123931	-0.990897	-0.012986	0.024291	-0.063623	-2.502544	-26.269016	-47.650665	1.000000	62787.044931		
2013092223155784000	CMGyro	2013-09-22 23:15:57.839	R	22A7CFE3-2413-41D2-80F8-C693F17141F9		0.169497	-0.056294	0.067316	62787.076190		
2013092223155785500	CMDevMot	2013-09-22 23:15:57.855	R	22A7CFE3-2413-41D2-80F8-C693F17141F9		0.998494	0.027546	0.047446	-0.021446	0.991977	-0.124584	-0.050497	0.123379	0.991074	0.062134	0.024542	-0.012276	0.997690	0.050908	0.123694	-0.027761	0.054799	-0.037001	0.039811	0.050497	-0.123379	-0.991074	-0.030355	0.052548	-0.081085	-2.547750	-26.255939	-47.655483	1.000000	62787.076190		
2013092223155786100	CMDevMotMag	2013-09-22 23:15:57.861	R	22A7CFE3-2413-41D2-80F8-C693F17141F9		-129.326065	118.149780	-231.506317	0.000000	62787.095207		
2013092223155787100	CMGyro	2013-09-22 23:15:57.871	R	22A7CFE3-2413-41D2-80F8-C693F17141F9		0.240703	-0.069632	-0.021820	62787.107449		
2013092223155788700	CMDevMot	2013-09-22 23:15:57.886	R	22A7CFE3-2413-41D2-80F8-C693F17141F9		0.998605	0.027560	0.045028	-0.021748	0.991940	-0.124828	-0.048105	0.123675	0.991156	0.062268	0.023337	-0.012355	0.997710	0.048496	0.123992	-0.027777	0.125729	-0.050449	-0.049327	0.048105	-0.123675	-0.991156	-0.029672	0.075854	-0.055765	-2.686283	-26.219795	-47.667770	1.000000	62787.107449		
2013092223155790000	CMDevMotMag	2013-09-22 23:15:57.900	R	22A7CFE3-2413-41D2-80F8-C693F17141F9		-130.503281	116.976669	-233.311127	0.000000	62787.134072		
2013092223155790200	CMGyro	2013-09-22 23:15:57.902	R	22A7CFE3-2413-41D2-80F8-C693F17141F9		0.308746	-0.036437	-0.062462	62787.138708		
2013092223155791800	CMDevMot	2013-09-22 23:15:57.918	R	22A7CFE3-2413-41D2-80F8-C693F17141F9		0.998584	0.030068	0.043895	-0.024121	0.991191	-0.130228	-0.047424	0.128985	0.990512	0.064964	0.022886	-0.013581	0.997533	0.047842	0.129346	-0.030326	0.193772	-0.017253	-0.089969	0.047424	-0.128985	-0.990512	-0.026688	0.069659	-0.019681	-2.807745	-26.355837	-47.585674	1.000000	62787.138708		
2013092223155792700	Heading	2013-09-22 23:15:57.927	R	22A7CFE3-2413-41D2-80F8-C693F17141F9		167.647369	168.074326	35.000000	-1.826584	-27.001213	-47.622040	20130922231557926		
2013092223155793300	CMGyro	2013-09-22 23:15:57.933	R	22A7CFE3-2413-41D2-80F8-C693F17141F9		0.244163	-0.025073	-0.049620	62787.169967		
2013092223155793900	CMDevMotMag	2013-09-22 23:15:57.938	R	22A7CFE3-2413-41D2-80F8-C693F17141F9		-129.998764	117.814606	-233.147049	0.000000	62787.172909		
2013092223155794900	CMDevMot	2013-09-22 23:15:57.949	R	22A7CFE3-2413-41D2-80F8-C693F17141F9		0.998552	0.032848	0.042592	-0.026906	0.990713	-0.133281	-0.046574	0.131942	0.990163	0.066477	0.022349	-0.014977	0.997425	0.047003	0.132328	-0.033144	0.128937	-0.005999	-0.077127	0.046574	-0.131942	-0.990163	-0.024739	0.065444	0.002126	-2.804726	-26.542938	-47.481747	1.000000	62787.169967		
2013092223155796500	CMGyro	2013-09-22 23:15:57.965	R	22A7CFE3-2413-41D2-80F8-C693F17141F9		0.188890	-0.047077	-0.039547	62787.201226		
2013092223155797700	CMDevMotMag	2013-09-22 23:15:57.976	R	22A7CFE3-2413-41D2-80F8-C693F17141F9		-128.485199	116.976669	-231.014099	0.000000	62787.211730		
2013092223155797900	Heading	2013-09-22 23:15:57.978	R	22A7CFE3-2413-41D2-80F8-C693F17141F9		169.072891	169.499847	35.000000	-1.523865	-27.235847	-47.457947	20130922231557977		
2013092223155798000	CMDevMot	2013-09-22 23:15:57.980	R	22A7CFE3-2413-41D2-80F8-C693F17141F9		0.998553	0.035175	0.040687	-0.029467	0.990646	-0.133236	-0.044993	0.131844	0.990249	0.066441	0.021475	-0.016202	0.997428	0.045405	0.132229	-0.035492	0.073355	-0.028122	-0.067055	0.044993	-0.131844	-0.990249	-0.025401	0.067803	-0.007996	-2.808698	-26.608707	-47.444683	1.000000	62787.201226		
2013092223155799600	CMGyro	2013-09-22 23:15:57.996	R	22A7CFE3-2413-41D2-80F8-C693F17141F9		0.231338	0.008399	-0.049262	62787.232485		
2013092223155801200	CMDevMot	2013-09-22 23:15:58.011	R	22A7CFE3-2413-41D2-80F8-C693F17141F9		0.998518	0.037091	0.039836	-0.031443	0.990472	-0.134077	-0.044430	0.132625	0.990170	0.066850	0.021122	-0.017178	0.997392	0.044841	0.133017	-0.037431	0.115457	0.027224	-0.076772	0.044430	-0.132625	-0.990170	-0.031139	0.086361	0.011456	-2.803151	-26.662529	-47.414787	1.000000	62787.232485		
2013092223155801700	CMDevMotMag	2013-09-22 23:15:58.016	R	22A7CFE3-2413-41D2-80F8-C693F17141F9		-130.839630	117.647018	-231.342255	0.000000	62787.250667		
2013092223155802700	CMGyro	2013-09-22 23:15:58.027	R	22A7CFE3-2413-41D2-80F8-C693F17141F9		0.190961	0.055015	-0.087229	62787.263744		
2013092223155804300	CMDevMot	2013-09-22 23:15:58.043	R	22A7CFE3-2413-41D2-80F8-C693F17141F9		0.998361	0.040604	0.040341	-0.034842	0.990303	-0.134482	-0.045410	0.132856	0.990095	0.067013	0.021495	-0.018912	0.997341	0.045833	0.133250	-0.040978	0.074701	0.073690	-0.114739	0.045410	-0.132856	-0.990095	-0.032456	0.079206	0.033521	-2.719670	-26.792624	-47.346264	1.000000	62787.263744		
2013092223155805500	CMDevMotMag	2013-09-22 23:15:58.055	R	22A7CFE3-2413-41D2-80F8-C693F17141F9		-128.653366	117.144257	-232.490753	0.000000	62787.289482		
2013092223155805900	CMGyro	2013-09-22 23:15:58.059	R	22A7CFE3-2413-41D2-80F8-C693F17141F9		0.177077	-0.043158	0.006052	62787.295003		
2013092223155807400	CMDevMot	2013-09-22 23:15:58.074	R	22A7CFE3-2413-41D2-80F8-C693F17141F9		0.998298	0.042474	0.039974	-0.036766	0.990294	-0.134041	-0.045280	0.132343	0.990169	0.066773	0.021370	-0.019863	0.997342	0.045697	0.132732	-0.042864	0.060402	-0.024619	-0.021461	0.045280	-0.132343	-0.990169	-0.026908	0.079624	0.016811	-2.600073	-26.796482	-47.350800	1.000000	62787.295003		
2013092223155809000	CMGyro	2013-09-22 23:15:58.089	R	22A7CFE3-2413-41D2-80F8-C693F17141F9		0.100447	0.004723	-0.011367	62787.326263		
2013092223155809400	CMDevMotMag	2013-09-22 23:15:58.094	R	22A7CFE3-2413-41D2-80F8-C693F17141F9		-129.494232	116.641479	-231.670395	0.000000	62787.328285		
2013092223155810500	CMDevMot	2013-09-22 23:15:58.105	R	22A7CFE3-2413-41D2-80F8-C693F17141F9		0.998388	0.043067	0.036978	-0.038056	0.991187	-0.126886	-0.042117	0.125274	0.991228	0.063192	0.019821	-0.020330	0.997597	0.042464	0.125604	-0.043422	-0.015292	0.023073	-0.039751	0.042117	-0.125274	-0.991228	-0.031496	0.078918	0.035372	-2.701581	-26.628054	-47.440048	1.000000	62787.326263		
2013092223155812100	CMGyro	2013-09-22 23:15:58.120	R	22A7CFE3-2413-41D2-80F8-C693F17141F9		0.110547	-0.023005	0.052806	62787.357522		
2013092223155813300	CMDevMotMag	2013-09-22 23:15:58.133	R	22A7CFE3-2413-41D2-80F8-C693F17141F9		-128.821548	116.641479	-231.342255	0.000000	62787.367154		
2013092223155813500	Heading	2013-09-22 23:15:58.135	R	22A7CFE3-2413-41D2-80F8-C693F17141F9		170.430801	170.857758	35.000000	-1.288452	-27.772148	-47.129776	20130922231558133		
2013092223155813600	CMDevMot	2013-09-22 23:15:58.136	R	22A7CFE3-2413-41D2-80F8-C693F17141F9		0.998405	0.043165	0.036398	-0.038494	0.991967	-0.120497	-0.041307	0.118904	0.992046	0.059982	0.019469	-0.020460	0.997800	0.041614	0.119186	-0.043487	-0.005366	-0.004689	0.024420	0.041307	-0.118904	-0.992046	-0.009340	0.063408	0.005489	-2.775131	-26.387314	-47.570141	1.000000	62787.357522		
2013092223155815200	CMGyro	2013-09-22 23:15:58.152	R	22A7CFE3-2413-41D2-80F8-C693F17141F9		0.061633	-0.057720	0.042046	62787.388781		
2013092223155816800	CMDevMot	2013-09-22 23:15:58.168	R	22A7CFE3-2413-41D2-80F8-C693F17141F9		0.998522	0.042200	0.034236	-0.038135	0.993004	-0.111752	-0.038713	0.110282	0.993146	0.055615	0.018272	-0.020122	0.998082	0.038960	0.110507	-0.042471	-0.054524	-0.039455	0.013657	0.038713	-0.110282	-0.993146	-0.019471	0.068900	0.035688	-2.807226	-26.082813	-47.735901	1.000000	62787.388781		
2013092223155817200	CMDevMotMag	2013-09-22 23:15:58.172	R	22A7CFE3-2413-41D2-80F8-C693F17141F9		-130.166931	116.306305	-231.670395	0.000000	62787.405905		
2013092223155818400	CMGyro	2013-09-22 23:15:58.184	R	22A7CFE3-2413-41D2-80F8-C693F17141F9		0.070499	-0.038509	0.027731	62787.420040		
2013092223155819900	CMDevMot	2013-09-22 23:15:58.199	R	22A7CFE3-2413-41D2-80F8-C693F17141F9		0.998588	0.041883	0.032665	-0.038243	0.993732	-0.105046	-0.036860	0.103649	0.993931	0.052264	0.017411	-0.020066	0.998280	0.037068	0.103835	-0.042122	-0.045826	-0.020271	-0.000661	0.036860	-0.103649	-0.993931	-0.007868	0.067684	0.071201	-2.993084	-25.542852	-48.015774	1.000000	62787.420040		
2013092223155821100	CMDevMotMag	2013-09-22 23:15:58.210	R	22A7CFE3-2413-41D2-80F8-C693F17141F9		-128.653366	116.138718	-231.506317	0.000000	62787.444746		
2013092223155821500	CMGyro	2013-09-22 23:15:58.215	R	22A7CFE3-2413-41D2-80F8-C693F17141F9		0.060748	0.025141	0.059344	62787.451299		
2013092223155823000	CMDevMot	2013-09-22 23:15:58.230	R	22A7CFE3-2413-41D2-80F8-C693F17141F9		0.998576	0.041735	0.033230	-0.038107	0.993933	-0.103173	-0.037334	0.101760	0.994108	0.051319	0.017671	-0.019994	0.998326	0.037538	0.101936	-0.041965	-0.055576	0.043378	0.030952	0.037334	-0.101760	-0.994108	0.009403	0.041305	0.075819	-3.032774	-25.298267	-48.142601	1.000000	62787.451299		
2013092223155824600	CMGyro	2013-09-22 23:15:58.246	R	22A7CFE3-2413-41D2-80F8-C693F17141F9		-0.074579	-0.031145	0.113408	62787.482558		
2013092223155825000	CMDevMotMag	2013-09-22 23:15:58.249	R	22A7CFE3-2413-41D2-80F8-C693F17141F9		-129.662415	117.814606	-232.162613	0.000000	62787.483625		
2013092223155826200	CMDevMot	2013-09-22 23:15:58.261	R	22A7CFE3-2413-41D2-80F8-C693F17141F9		0.998630	0.039363	0.034472	-0.035790	0.994467	-0.098766	-0.038169	0.097397	0.994513	0.049117	0.018189	-0.018818	0.998450	0.038361	0.097552	-0.039562	-0.190935	-0.012891	0.085015	0.038169	-0.097397	-0.994513	-0.007362	0.058655	0.101874	-2.984159	-25.147564	-48.224529	1.000000	62787.482558		
2013092223155827700	CMGyro	2013-09-22 23:15:58.277	R	22A7CFE3-2413-41D2-80F8-C693F17141F9		-0.170099	0.057281	0.103174	62787.513817		
2013092223155828800	CMDevMotMag	2013-09-22 23:15:58.288	R	22A7CFE3-2413-41D2-80F8-C693F17141F9		-128.989716	117.814606	-231.834473	0.000000	62787.522454		
2013092223155829300	CMDevMot	2013-09-22 23:15:58.293	R	22A7CFE3-2413-41D2-80F8-C693F17141F9		0.998691	0.036626	0.035703	-0.033261	0.995325	-0.090670	-0.038857	0.089364	0.995241	0.045069	0.018665	-0.017495	0.998656	0.039023	0.089483	-0.036781	-0.286454	0.075535	0.074781	0.038857	-0.089364	-0.995241	-0.005593	0.037987	0.055513	-3.020573	-25.028606	-48.284107	1.000000	62787.513817		
2013092223155830800	CMGyro	2013-09-22 23:15:58.308	R	22A7CFE3-2413-41D2-80F8-C693F17141F9		-0.199722	0.149881	0.129230	62787.545077		
2013092223155832400	CMDevMot	2013-09-22 23:15:58.324	R	22A7CFE3-2413-41D2-80F8-C693F17141F9		0.998600	0.033505	0.040933	-0.030118	0.996282	-0.080721	-0.043485	0.079375	0.995896	0.040070	0.021129	-0.015924	0.998847	0.043636	0.079459	-0.033617	-0.316101	0.168137	0.100836	0.043485	-0.079375	-0.995896	0.020678	0.002349	-0.020858	-3.036914	-24.625864	-48.489731	1.000000	62787.545077		
2013092223155832700	CMDevMotMag	2013-09-22 23:15:58.327	R	22A7CFE3-2413-41D2-80F8-C693F17141F9		-130.335114	117.814606	-230.850037	0.000000	62787.561339		
2013092223155834000	CMGyro	2013-09-22 23:15:58.340	R	22A7CFE3-2413-41D2-80F8-C693F17141F9		-0.123901	-0.014203	0.186376	62787.576336		
2013092223155835500	CMDevMot	2013-09-22 23:15:58.355	R	22A7CFE3-2413-41D2-80F8-C693F17141F9		0.998615	0.029110	0.043836	-0.025884	0.997035	-0.072462	-0.045815	0.071227	0.996407	0.035958	0.022435	-0.013762	0.999007	0.045948	0.071287	-0.029189	-0.240273	0.004078	0.157981	0.045815	-0.071227	-0.996407	0.026633	-0.024354	-0.073890	-2.798088	-23.903131	-48.864319	1.000000	62787.576336		
2013092223155836600	CMDevMotMag	2013-09-22 23:15:58.366	R	22A7CFE3-2413-41D2-80F8-C693F17141F9		-131.344162	119.155304	-232.490753	0.000000	62787.600090		
2013092223155836700	Heading	2013-09-22 23:15:58.367	R	22A7CFE3-2413-41D2-80F8-C693F17141F9		169.234528	169.661484	35.000000	-1.809784	-26.381172	-47.474335	20130922231558366		
2013092223155837100	CMGyro	2013-09-22 23:15:58.371	R	22A7CFE3-2413-41D2-80F8-C693F17141F9		-0.107425	-0.065244	0.225205	62787.607595		
2013092223155838700	CMDevMot	2013-09-22 23:15:58.386	R	22A7CFE3-2413-41D2-80F8-C693F17141F9		0.998803	0.023379	0.042957	-0.020484	0.997567	-0.066643	-0.044410	0.065683	0.996852	0.033110	0.021860	-0.010975	0.999152	0.044521	0.065731	-0.023432	-0.223754	-0.046956	0.196812	0.044410	-0.065683	-0.996852	0.007805	-0.047979	-0.027028	-2.920452	-23.528637	-49.038601	1.000000	62787.607595		
2013092223155840200	CMGyro	2013-09-22 23:15:58.402	R	22A7CFE3-2413-41D2-80F8-C693F17141F9		-0.115627	-0.097915	0.256239	62787.638854		
2013092223155840500	CMDevMotMag	2013-09-22 23:15:58.405	R	22A7CFE3-2413-41D2-80F8-C693F17141F9		-130.166931	119.993256	-232.654831	0.000000	62787.638925		
2013092223155841800	CMDevMot	2013-09-22 23:15:58.418	R	22A7CFE3-2413-41D2-80F8-C693F17141F9		0.999034	0.016224	0.040839	-0.013736	0.998075	-0.060479	-0.041742	0.059859	0.997334	0.030105	0.020660	-0.007495	0.999305	0.041829	0.059895	-0.016254	-0.231907	-0.079643	0.227848	0.041742	-0.059859	-0.997334	-0.013757	-0.047913	-0.026455	-3.124537	-23.214151	-49.175713	1.000000	62787.638854		
2013092223155843300	CMGyro	2013-09-22 23:15:58.433	R	22A7CFE3-2413-41D2-80F8-C693F17141F9		-0.172283	-0.083614	0.238582	62787.670113		
2013092223155844400	CMDevMotMag	2013-09-22 23:15:58.443	R	22A7CFE3-2413-41D2-80F8-C693F17141F9		-129.494232	120.328430	-233.311127	0.000000	62787.677753		
2013092223155844900	CMDevMot	2013-09-22 23:15:58.449	R	22A7CFE3-2413-41D2-80F8-C693F17141F9		0.999208	0.009180	0.038720	-0.007143	0.998599	-0.052424	-0.039147	0.052106	0.997874	0.026147	0.019477	-0.004083	0.999460	0.039211	0.052130	-0.009192	-0.288563	-0.065342	0.210192	0.039147	-0.052106	-0.997874	-0.023980	-0.058185	0.010142	-3.284379	-23.080009	-49.228413	1.000000	62787.670113		
2013092223155846500	CMGyro	2013-09-22 23:15:58.464	R	22A7CFE3-2413-41D2-80F8-C693F17141F9		-0.229275	-0.049555	0.241730	62787.701372		
2013092223155847100	Heading	2013-09-22 23:15:58.470	R	22A7CFE3-2413-41D2-80F8-C693F17141F9		168.045807	168.472763	35.000000	-2.432022	-24.722054	-48.343887	20130922231558469		
2013092223155848100	CMDevMot	2013-09-22 23:15:58.480	R	22A7CFE3-2413-41D2-80F8-C693F17141F9		0.999321	0.002165	0.036783	-0.000541	0.999027	-0.044107	-0.036843	0.044058	0.998349	0.022050	0.018414	-0.000677	0.999587	0.036887	0.044072	-0.002167	-0.345483	-0.031306	0.213343	0.036843	-0.044058	-0.998349	-0.021477	-0.058527	0.050977	-3.547930	-22.660265	-49.404804	1.000000	62787.701372		
2013092223155848300	CMDevMotMag	2013-09-22 23:15:58.482	R	22A7CFE3-2413-41D2-80F8-C693F17141F9		-131.344162	120.831192	-232.490753	0.000000	62787.716575		
2013092223155849600	CMGyro	2013-09-22 23:15:58.496	R	22A7CFE3-2413-41D2-80F8-C693F17141F9		-0.134115	0.051509	0.286151	62787.732632		
2013092223155851200	CMDevMot	2013-09-22 23:15:58.511	R	22A7CFE3-2413-41D2-80F8-C693F17141F9		0.999290	-0.005843	0.037232	0.007193	0.999318	-0.036205	-0.036995	0.036447	0.998651	0.018169	0.018563	0.003260	0.999657	0.037028	0.036455	0.005847	-0.250249	0.069746	0.257768	0.036995	-0.036447	-0.998651	-0.018577	-0.053473	0.033196	-3.895468	-22.027876	-49.663952	1.000000	62787.732632		
2013092223155852100	CMDevMotMag	2013-09-22 23:15:58.521	R	22A7CFE3-2413-41D2-80F8-C693F17141F9		-131.680511	122.842255	-233.147049	0.000000	62787.755389		
2013092223155852700	CMGyro	2013-09-22 23:15:58.527	R	22A7CFE3-2413-41D2-80F8-C693F17141F9		-0.037897	0.111039	0.272543	62787.763891		
2013092223155854300	CMDevMot	2013-09-22 23:15:58.542	R	22A7CFE3-2413-41D2-80F8-C693F17141F9		0.999111	-0.013776	0.039832	0.015049	0.999379	-0.031852	-0.039369	0.032423	0.998699	0.016074	0.019807	0.007209	0.999649	0.039400	0.032429	0.013783	-0.153979	0.129250	0.244163	0.039369	-0.032423	-0.998699	-0.030183	-0.044146	0.057994	-3.992205	-21.693802	-49.803127	1.000000	62787.763891		
2013092223155855900	CMGyro	2013-09-22 23:15:58.558	R	22A7CFE3-2413-41D2-80F8-C693F17141F9		-0.050471	0.099907	0.246667	62787.795150		
2013092223155856100	CMDevMotMag	2013-09-22 23:15:58.561	R	22A7CFE3-2413-41D2-80F8-C693F17141F9		-131.848679	121.333954	-233.639267	0.000000	62787.794211		
2013092223155857400	CMDevMot	2013-09-22 23:15:58.574	R	22A7CFE3-2413-41D2-80F8-C693F17141F9		0.998853	-0.021238	0.042919	0.022444	0.999361	-0.027803	-0.042301	0.028734	0.998692	0.014140	0.021313	0.010925	0.999613	0.042331	0.028738	0.021249	-0.166497	0.118075	0.218291	0.042301	-0.028734	-0.998692	-0.043491	-0.043547	0.042576	-3.951065	-21.412827	-49.927845	1.000000	62787.795150		
2013092223155857500	Heading	2013-09-22 23:15:58.575	R	22A7CFE3-2413-41D2-80F8-C693F17141F9		166.341827	166.768784	35.000000	-3.003830	-22.945625	-48.803314	20130922231558572		
2013092223155859000	CMGyro	2013-09-22 23:15:58.589	R	22A7CFE3-2413-41D2-80F8-C693F17141F9		-0.055219	0.071571	0.187127	62787.826409		
2013092223155859900	CMDevMotMag	2013-09-22 23:15:58.599	R	22A7CFE3-2413-41D2-80F8-C693F17141F9		-130.839630	123.009842	-234.295563	0.000000	62787.833168		
2013092223155860600	CMDevMot	2013-09-22 23:15:58.605	R	22A7CFE3-2413-41D2-80F8-C693F17141F9		0.998648	-0.027484	0.044117	0.028541	0.999316	-0.023518	-0.043440	0.024746	0.998749	0.012071	0.021898	0.014012	0.999589	0.043467	0.024748	0.027495	-0.171177	0.089667	0.158759	0.043440	-0.024746	-0.998749	-0.053755	-0.043568	0.036500	-3.979271	-21.326586	-49.962509	1.000000	62787.826409		
2013092223155862100	CMGyro	2013-09-22 23:15:58.621	R	22A7CFE3-2413-41D2-80F8-C693F17141F9		0.056344	0.141247	0.134780	62787.857668		
2013092223155863700	CMDevMot	2013-09-22 23:15:58.637	R	22A7CFE3-2413-41D2-80F8-C693F17141F9		0.998532	-0.031528	0.044048	0.032693	0.999128	-0.025963	-0.043191	0.027365	0.998692	0.013338	0.021820	0.016063	0.999544	0.043221	0.027368	0.031545	-0.059329	0.159154	0.106433	0.043191	-0.027365	-0.998692	-0.047662	-0.069574	0.036900	-4.042799	-21.089510	-50.057949	1.000000	62787.857668		
2013092223155863800	CMDevMotMag	2013-09-22 23:15:58.638	R	22A7CFE3-2413-41D2-80F8-C693F17141F9		-130.335114	122.171906	-235.115921	0.000000	62787.871906		
2013092223155865200	CMGyro	2013-09-22 23:15:58.652	R	22A7CFE3-2413-41D2-80F8-C693F17141F9		0.033753	0.172184	0.095039	62787.888928		
2013092223155866800	CMDevMot	2013-09-22 23:15:58.668	R	22A7CFE3-2413-41D2-80F8-C693F17141F9		0.998375	-0.034189	0.045580	0.035711	0.998817	-0.033001	-0.044398	0.034575	0.998415	0.016903	0.022507	0.017484	0.999451	0.044439	0.034581	0.034216	-0.081464	0.189892	0.066716	0.044398	-0.034575	-0.998415	-0.037287	-0.092714	0.030245	-4.154709	-21.361460	-49.933323	1.000000	62787.888928		
2013092223155867700	CMDevMotMag	2013-09-22 23:15:58.676	R	22A7CFE3-2413-41D2-80F8-C693F17141F9		-130.166931	121.669144	-233.311127	0.000000	62787.910861		
2013092223155868400	CMGyro	2013-09-22 23:15:58.683	R	22A7CFE3-2413-41D2-80F8-C693F17141F9		0.086093	0.144195	0.089353	62787.920187		
2013092223155869900	CMDevMot	2013-09-22 23:15:58.699	R	22A7CFE3-2413-41D2-80F8-C693F17141F9		0.998083	-0.036319	0.050120	0.038019	0.998719	-0.033399	-0.048843	0.035240	0.998185	0.017170	0.024756	0.018596	0.999373	0.048893	0.035247	0.036349	-0.028997	0.161864	0.061036	0.048843	-0.035240	-0.998185	-0.032852	-0.108193	0.001511	-4.067048	-21.594015	-49.840424	1.000000	62787.920187		
2013092223155871400	CMGyro	2013-09-22 23:15:58.714	R	22A7CFE3-2413-41D2-80F8-C693F17141F9		0.107111	0.031545	0.115263	62787.951446		
2013092223155871500	CMDevMotMag	2013-09-22 23:15:58.715	R	22A7CFE3-2413-41D2-80F8-C693F17141F9		-129.662415	123.177429	-233.147049	0.000000	62787.949687		
2013092223155873300	CMDevMot	2013-09-22 23:15:58.732	R	22A7CFE3-2413-41D2-80F8-C693F17141F9		0.997864	-0.038621	0.052694	0.040560	0.998519	-0.036245	-0.051216	0.038305	0.997953	0.018651	0.025996	0.019809	0.999292	0.051276	0.038314	0.038659	-0.007821	0.049189	0.086951	0.051216	-0.038305	-0.997953	-0.025582	-0.118098	0.023999	-3.910805	-21.700937	-49.806477	1.000000	62787.951446		
2013092223155874700	CMGyro	2013-09-22 23:15:58.746	R	22A7CFE3-2413-41D2-80F8-C693F17141F9		-0.002740	-0.031792	0.148707	62787.982705		
2013092223155875500	CMDevMotMag	2013-09-22 23:15:58.754	R	22A7CFE3-2413-41D2-80F8-C693F17141F9		-129.662415	122.842255	-234.459625	0.000000	62787.988557		
2013092223155876200	CMDevMot	2013-09-22 23:15:58.761	R	22A7CFE3-2413-41D2-80F8-C693F17141F9		0.997745	-0.042199	0.052203	0.044185	0.998319	-0.037496	-0.050533	0.039718	0.997932	0.019318	0.025703	0.021612	0.999249	0.050594	0.039728	0.042245	-0.117487	-0.014185	0.120401	0.050533	-0.039718	-0.997932	-0.034435	-0.133027	0.055321	-3.887436	-21.693066	-49.811733	1.000000	62787.982705		
2013092223155877700	CMGyro	2013-09-22 23:15:58.777	R	22A7CFE3-2413-41D2-80F8-C693F17141F9		-0.038848	-0.116286	0.229613	62788.013964		
2013092223155879300	CMDevMot	2013-09-22 23:15:58.793	R	22A7CFE3-2413-41D2-80F8-C693F17141F9		0.997652	-0.047831	0.049021	0.049664	0.998085	-0.036883	-0.047163	0.039231	0.998117	0.019043	0.024064	0.024392	0.999231	0.047217	0.039241	0.047886	-0.153401	-0.098740	0.201316	0.047163	-0.039231	-0.998117	-0.050291	-0.128128	0.046426	-3.993717	-21.739923	-49.782890	1.000000	62788.013964		
2013092223155879400	CMDevMotMag	2013-09-22 23:15:58.794	R	22A7CFE3-2413-41D2-80F8-C693F17141F9		-129.830582	123.345016	-233.639267	0.000000	62788.027389		
2013092223155880800	CMGyro	2013-09-22 23:15:58.808	R	22A7CFE3-2413-41D2-80F8-C693F17141F9		-0.005907	-0.135074	0.143473	62788.045224		
2013092223155882500	CMDevMot	2013-09-22 23:15:58.824	R	22A7CFE3-2413-41D2-80F8-C693F17141F9		0.997579	-0.053075	0.044939	0.054563	0.997979	-0.032559	-0.043120	0.034932	0.998459	0.016885	0.022031	0.026930	0.999252	0.043160	0.034939	0.053133	-0.120459	-0.117527	0.115177	0.043120	-0.034932	-0.998459	-0.096617	-0.113551	0.038422	-4.429635	-21.545591	-49.830471	1.000000	62788.045224		
2013092223155883200	CMDevMotMag	2013-09-22 23:15:58.832	R	22A7CFE3-2413-41D2-80F8-C693F17141F9		-129.830582	124.015381	-236.264420	0.000000	62788.066304		
2013092223155884000	CMGyro	2013-09-22 23:15:58.840	R	22A7CFE3-2413-41D2-80F8-C693F17141F9		0.073592	-0.121559	0.017529	62788.076483		
2013092223155885600	CMDevMot	2013-09-22 23:15:58.855	R	22A7CFE3-2413-41D2-80F8-C693F17141F9		0.997753	-0.054503	0.038959	0.055836	0.997861	-0.033994	-0.037023	0.036093	0.998662	0.017534	0.019009	0.027604	0.999284	0.037056	0.036100	0.054565	-0.040780	-0.104147	-0.010750	0.037023	-0.036093	-0.998662	-0.084066	-0.128840	0.033681	-4.825400	-21.518280	-49.805515	1.000000	62788.076483		
2013092223155887100	CMGyro	2013-09-22 23:15:58.871	R	22A7CFE3-2413-41D2-80F8-C693F17141F9		0.010036	-0.103618	-0.106146	62788.107742		
2013092223155887200	CMDevMotMag	2013-09-22 23:15:58.872	R	22A7CFE3-2413-41D2-80F8-C693F17141F9		-130.503281	124.015381	-233.311127	0.000000	62788.105124		
2013092223155888700	CMDevMot	2013-09-22 23:15:58.886	R	22A7CFE3-2413-41D2-80F8-C693F17141F9		0.998094	-0.051912	0.033362	0.053111	0.997936	-0.036103	-0.031419	0.037806	0.998791	0.018489	0.016206	0.026273	0.999352	0.031447	0.037815	0.051973	-0.104121	-0.086322	-0.134410	0.031419	-0.037806	-0.998791	-0.079377	-0.140233	-0.001072	-5.098386	-21.638029	-49.726376	1.000000	62788.107742		
2013092223155890200	CMGyro	2013-09-22 23:15:58.902	R	22A7CFE3-2413-41D2-80F8-C693F17141F9		-0.117604	-0.164592	-0.221214	62788.139001		
2013092223155891000	CMDevMotMag	2013-09-22 23:15:58.909	R	22A7CFE3-2413-41D2-80F8-C693F17141F9		-131.175980	124.685730	-234.295563	0.000000	62788.143877		
2013092223155891900	CMDevMot	2013-09-22 23:15:58.918	R	22A7CFE3-2413-41D2-80F8-C693F17141F9		0.998572	-0.045700	0.027668	0.046629	0.998336	-0.033915	-0.026072	0.035157	0.999042	0.017277	0.013442	0.023094	0.999494	0.026091	0.035164	0.045744	-0.231577	-0.147371	-0.249468	0.026072	-0.035157	-0.999042	-0.042201	-0.136413	-0.060346	-5.136542	-21.580967	-49.747242	1.000000	62788.139001		
2013092223155893400	CMGyro	2013-09-22 23:15:58.933	R	22A7CFE3-2413-41D2-80F8-C693F17141F9		-0.122975	0.126201	-0.140732	62788.170260		
2013092223155894900	CMDevMotMag	2013-09-22 23:15:58.949	R	22A7CFE3-2413-41D2-80F8-C693F17141F9		-130.166931	124.685730	-233.311127	0.000000	62788.182691		
2013092223155895000	CMDevMot	2013-09-22 23:15:58.949	R	22A7CFE3-2413-41D2-80F8-C693F17141F9		0.998865	-0.039204	0.027053	0.039917	0.998855	-0.026356	-0.025988	0.027406	0.999287	0.013445	0.013265	0.019788	0.999626	0.026001	0.027409	0.039228	-0.236947	0.143422	-0.168985	0.025988	-0.027406	-0.999287	0.028180	-0.160582	-0.104824	-5.270969	-21.319122	-49.845985	1.000000	62788.170260		
2013092223155896500	CMGyro	2013-09-22 23:15:58.965	R	22A7CFE3-2413-41D2-80F8-C693F17141F9		0.196398	0.101653	-0.049178	62788.201520		
2013092223155898100	CMDevMot	2013-09-22 23:15:58.980	R	22A7CFE3-2413-41D2-80F8-C693F17141F9		0.998791	-0.036535	0.032889	0.037310	0.999033	-0.023269	-0.032007	0.024468	0.999188	0.011939	0.016230	0.018468	0.999626	0.032022	0.024471	0.036554	0.082427	0.118874	-0.077432	0.032007	-0.024468	-0.999188	0.052359	-0.108390	-0.320163	-4.944530	-21.017168	-50.007404	1.000000	62788.201520		
2013092223155898700	CMDevMotMag	2013-09-22 23:15:58.987	R	22A7CFE3-2413-41D2-80F8-C693F17141F9		-129.830582	122.004318	-233.967407	0.000000	62788.221511		
2013092223155899500	CMGyro	2013-09-22 23:15:58.995	R	22A7CFE3-2413-41D2-80F8-C693F17141F9		0.687857	-0.125318	0.048883	62788.232779		
2013092223155901200	CMDevMot	2013-09-22 23:15:59.012	R	22A7CFE3-2413-41D2-80F8-C693F17141F9		0.998886	-0.034513	0.032189	0.035639	0.998749	-0.035077	-0.030938	0.036185	0.998866	0.017823	0.015789	0.017546	0.999563	0.030963	0.036193	0.034543	0.573886	-0.108097	0.020629	0.030938	-0.036185	-0.998866	0.085594	-0.074915	-0.209218	-4.755530	-21.221352	-49.939457	1.000000	62788.232779		
2013092223155902600	CMDevMotMag	2013-09-22 23:15:59.026	R	22A7CFE3-2413-41D2-80F8-C693F17141F9		-130.335114	123.847778	-234.131485	0.000000	62788.260245		
2013092223155902700	CMGyro	2013-09-22 23:15:59.027	R	22A7CFE3-2413-41D2-80F8-C693F17141F9		0.661656	0.129378	0.430732	62788.264038		
2013092223155904000	Heading	2013-09-22 23:15:59.040	R	22A7CFE3-2413-41D2-80F8-C693F17141F9		167.405472	167.832428	35.000000	-2.297485	-20.800484	-49.918961	20130922231559039		
2013092223155904300	CMDevMot	2013-09-22 23:15:59.043	R	22A7CFE3-2413-41D2-80F8-C693F17141F9		0.998614	-0.041118	0.032852	0.042884	0.997565	-0.055003	-0.030510	0.056335	0.997946	0.027855	0.015852	0.021016	0.999265	0.030563	0.056365	0.041195	0.547715	0.146630	0.402476	0.030510	-0.056335	-0.997946	0.082634	-0.077927	0.032125	-4.815583	-21.614189	-49.764919	1.000000	62788.264038		
2013092223155905900	CMGyro	2013-09-22 23:15:59.058	R	22A7CFE3-2413-41D2-80F8-C693F17141F9		0.179021	0.574037	0.537017	62788.295297		
2013092223155906500	CMDevMotMag	2013-09-22 23:15:59.064	R	22A7CFE3-2413-41D2-80F8-C693F17141F9		-131.512329	122.674667	-232.982971	0.000000	62788.299059		
2013092223155907500	CMDevMot	2013-09-22 23:15:59.074	R	22A7CFE3-2413-41D2-80F8-C693F17141F9		0.997247	-0.057297	0.047074	0.060205	0.996204	-0.062869	-0.043293	0.065530	0.996911	0.032138	0.022619	0.029411	0.998795	0.043400	0.065577	0.057453	0.065070	0.591294	0.508760	0.043293	-0.065530	-0.996911	-0.018116	0.063851	-0.091010	-4.980567	-22.567490	-49.323551	1.000000	62788.295297		
2013092223155909000	CMGyro	2013-09-22 23:15:59.090	R	22A7CFE3-2413-41D2-80F8-C693F17141F9		0.200963	0.306041	0.275291	62788.326557		
2013092223155909200	Heading	2013-09-22 23:15:59.092	R	22A7CFE3-2413-41D2-80F8-C693F17141F9		165.539200	165.966156	35.000000	-2.381592	-21.655197	-49.640030	20130922231559091		
2013092223155910400	CMDevMotMag	2013-09-22 23:15:59.104	R	22A7CFE3-2413-41D2-80F8-C693F17141F9		-129.830582	122.674667	-233.639267	0.000000	62788.337974		
