2013092119595116000	Event	Test Begin	Default Test	2013-09-21 19:59:51.146	R	22A7CFE3-2413-41D2-80F8-C693F17141F9	ApioTest version 1.07		
2013092119595116000	Config	Local Default		DevMotRate	32.0	MagnetometerRate	32.0	LocDistanceFilter	20	AccelerometerRate	32.0	GyroRate	32.0		
2013092119595116000	Customer	22A7CFE3-2413-41D2-80F8-C693F17141F9	Kayla	Washenberger	6517697331			
2013092119595116000	Vehicle	Chevy	Silverado	1999	Navy			
2013092119595116000	Event	Text	Default Test	2013-09-21 19:59:51.145	R	22A7CFE3-2413-41D2-80F8-C693F17141F9	Driver		
2013092119595117000	CMGyro	2013-09-21 19:59:51.170	R	22A7CFE3-2413-41D2-80F8-C693F17141F9		0.024179	-0.041560	-0.125855	47643.865189		
2013092119595117000	CMDevMot	2013-09-21 19:59:51.170	R	22A7CFE3-2413-41D2-80F8-C693F17141F9		0.999962	0.000460	-0.008717	-0.001132	0.997012	-0.077234	0.008655	0.077241	0.996975	0.038648	-0.004346	-0.000398	0.999243	-0.008681	0.077318	-0.000461	-0.037893	-0.053218	-0.150731	-0.008655	-0.077241	-0.996975	0.000095	-0.001296	-0.014225	0.000000	0.000000	0.000000	-1.000000	47643.849559		
2013092119595119000	Event	Bluetooth	Default Test	2013-09-21 19:59:51.190	R	22A7CFE3-2413-41D2-80F8-C693F17141F9	Bluetooth is currently powered on and available to use.		
2013092119595119400	CMDevMotMag	2013-09-21 19:59:51.194	R	22A7CFE3-2413-41D2-80F8-C693F17141F9		-144.629929	134.405853	-239.874023	0.000000	47643.896368		
2013092119595120100	CMGyro	2013-09-21 19:59:51.200	R	22A7CFE3-2413-41D2-80F8-C693F17141F9		0.009242	0.199689	-0.110488	47643.896448		
2013092119595120100	CMDevMot	2013-09-21 19:59:51.201	R	22A7CFE3-2413-41D2-80F8-C693F17141F9		0.999947	0.005351	-0.008771	-0.005989	0.997208	-0.074438	0.008348	0.074487	0.997187	0.037258	-0.004283	-0.002837	0.999292	-0.008371	0.074556	-0.005366	-0.110304	0.076571	-0.164863	-0.008348	-0.074487	-0.997187	-0.004652	-0.005683	0.035426	0.000000	0.000000	0.000000	-1.000000	47643.880818		
2013092119595123300	CMDevMotMag	2013-09-21 19:59:51.232	R	22A7CFE3-2413-41D2-80F8-C693F17141F9		-143.789062	133.567917	-241.350677	0.000000	47643.935299		
2013092119595123300	CMGyro	2013-09-21 19:59:51.233	R	22A7CFE3-2413-41D2-80F8-C693F17141F9		0.139025	0.609137	-0.054628	47643.927707		
2013092119595123400	CMDevMot	2013-09-21 19:59:51.233	R	22A7CFE3-2413-41D2-80F8-C693F17141F9		0.999954	0.009598	-0.000948	-0.009641	0.997378	-0.071728	0.000258	0.071733	0.997424	0.035889	-0.000302	-0.004813	0.999344	-0.000258	0.071795	-0.009623	-0.046991	0.384722	-0.108260	-0.000258	-0.071733	-0.997424	0.003752	-0.018553	0.029132	0.000000	0.000000	0.000000	-1.000000	47643.912078		
2013092119595126400	CMGyro	2013-09-21 19:59:51.263	R	22A7CFE3-2413-41D2-80F8-C693F17141F9		0.192910	0.541334	-0.088966	47643.958967		
2013092119595126500	CMDevMot	2013-09-21 19:59:51.264	R	22A7CFE3-2413-41D2-80F8-C693F17141F9		0.999746	0.012072	0.019038	-0.010655	0.997288	-0.072827	-0.019866	0.072606	0.997163	0.036385	0.009733	-0.005686	0.999274	0.019920	0.072670	-0.012104	0.075900	0.753214	-0.077643	0.019866	-0.072606	-0.997163	-0.005401	-0.000972	0.010057	0.000000	0.000000	0.000000	-1.000000	47643.943337		
2013092119595126800	Location	2013-09-21 19:59:51.268	R	22A7CFE3-2413-41D2-80F8-C693F17141F9		44.834091	-92.934570	277.120705	5.000000	4.000000	0.420000	198.281250	20130921195951239		
2013092119595127100	CMDevMotMag	2013-09-21 19:59:51.270	R	22A7CFE3-2413-41D2-80F8-C693F17141F9		-142.275482	133.400314	-241.186600	0.000000	47643.974188		
2013092119595129500	CMGyro	2013-09-21 19:59:51.295	R	22A7CFE3-2413-41D2-80F8-C693F17141F9		0.103911	0.026985	0.001222	47643.990226		
2013092119595129600	CMDevMot	2013-09-21 19:59:51.295	R	22A7CFE3-2413-41D2-80F8-C693F17141F9		0.999261	0.014915	0.035421	-0.012201	0.997061	-0.075640	-0.036445	0.075152	0.996506	0.037732	0.017983	-0.006785	0.999103	0.036557	0.075223	-0.014958	0.046210	0.314191	-0.045469	0.036445	-0.075152	-0.996506	0.047020	-0.026685	-0.042633	0.000000	0.000000	0.000000	-1.000000	47643.974596		
2013092119595131300	CMDevMotMag	2013-09-21 19:59:51.312	R	22A7CFE3-2413-41D2-80F8-C693F17141F9		-141.602783	135.746552	-240.858459	0.000000	47644.013147		
2013092119595133100	CMGyro	2013-09-21 19:59:51.330	R	22A7CFE3-2413-41D2-80F8-C693F17141F9		0.036243	-0.216809	0.048043	47644.021485		
2013092119595133200	CMDevMot	2013-09-21 19:59:51.331	R	22A7CFE3-2413-41D2-80F8-C693F17141F9		0.999086	0.015718	0.039741	-0.012574	0.996861	-0.078164	-0.040844	0.077593	0.996148	0.038978	0.020166	-0.007080	0.999011	0.040979	0.077671	-0.015766	-0.069511	-0.108422	0.002627	0.040844	-0.077593	-0.996148	0.020145	-0.028181	0.028069	0.000000	0.000000	0.000000	-1.000000	47644.005856		
2013092119595134900	CMDevMotMag	2013-09-21 19:59:51.349	R	22A7CFE3-2413-41D2-80F8-C693F17141F9		-142.780014	134.908615	-241.350677	0.000000	47644.052135		
2013092119595135800	CMGyro	2013-09-21 19:59:51.358	R	22A7CFE3-2413-41D2-80F8-C693F17141F9		0.025192	-0.337146	0.066508	47644.052745		
2013092119595135800	CMDevMot	2013-09-21 19:59:51.358	R	22A7CFE3-2413-41D2-80F8-C693F17141F9		0.999299	0.014694	0.034418	-0.011923	0.996775	-0.079361	-0.035474	0.078895	0.996252	0.039602	0.017490	-0.006661	0.999040	0.035592	0.078977	-0.014740	-0.096924	-0.249392	0.051773	0.035474	-0.078895	-0.996252	0.011585	-0.020516	0.031209	0.000000	0.000000	0.000000	-1.000000	47644.037115		
2013092119595138800	CMDevMotMag	2013-09-21 19:59:51.387	R	22A7CFE3-2413-41D2-80F8-C693F17141F9		-142.443665	135.578964	-242.006958	0.000000	47644.091106		
2013092119595138800	CMGyro	2013-09-21 19:59:51.388	R	22A7CFE3-2413-41D2-80F8-C693F17141F9		0.067054	-0.337740	0.011937	47644.084004		
2013092119595138900	CMDevMot	2013-09-21 19:59:51.388	R	22A7CFE3-2413-41D2-80F8-C693F17141F9		0.999648	0.013210	0.022995	-0.011416	0.997007	-0.076458	-0.023936	0.076169	0.996808	0.038188	0.011742	-0.006161	0.999183	0.024008	0.076243	-0.013249	-0.083905	-0.327560	0.027536	0.023936	-0.076169	-0.996808	-0.014201	0.000287	0.018872	0.000000	0.000000	0.000000	-1.000000	47644.068374		
2013092119595142000	CMGyro	2013-09-21 19:59:51.419	R	22A7CFE3-2413-41D2-80F8-C693F17141F9		0.214362	-0.325108	-0.011738	47644.115264		
2013092119595142000	CMDevMot	2013-09-21 19:59:51.420	R	22A7CFE3-2413-41D2-80F8-C693F17141F9		0.999823	0.013526	0.013085	-0.012500	0.997067	-0.075510	-0.014068	0.075333	0.997059	0.037739	0.006793	-0.006511	0.999243	0.014108	0.075404	-0.013565	0.038975	-0.306955	-0.017854	0.014068	-0.075333	-0.997059	-0.013061	-0.005264	-0.019298	0.000000	0.000000	0.000000	-1.000000	47644.099634		
2013092119595143100	CMDevMotMag	2013-09-21 19:59:51.431	R	22A7CFE3-2413-41D2-80F8-C693F17141F9		-145.134445	134.238266	-241.350677	0.000000	47644.130096		
2013092119595145100	CMGyro	2013-09-21 19:59:51.451	R	22A7CFE3-2413-41D2-80F8-C693F17141F9		0.396471	-0.191384	-0.049973	47644.146523		
2013092119595145200	CMDevMot	2013-09-21 19:59:51.452	R	22A7CFE3-2413-41D2-80F8-C693F17141F9		0.999886	0.014873	0.002517	-0.014627	0.996767	-0.079001	-0.003684	0.078955	0.996871	0.039521	0.001551	-0.007381	0.999190	0.003695	0.079037	-0.014920	0.165721	-0.261410	-0.065982	0.003684	-0.078955	-0.996871	-0.019782	-0.001718	-0.021409	0.000000	0.000000	0.000000	-1.000000	47644.130893		
2013092119595146700	CMDevMotMag	2013-09-21 19:59:51.467	R	22A7CFE3-2413-41D2-80F8-C693F17141F9		-144.966278	133.735504	-239.874023	0.000000	47644.168932		
2013092119595148400	CMGyro	2013-09-21 19:59:51.483	R	22A7CFE3-2413-41D2-80F8-C693F17141F9		0.480313	0.051939	0.021080	47644.177782		
2013092119595148500	CMDevMot	2013-09-21 19:59:51.484	R	22A7CFE3-2413-41D2-80F8-C693F17141F9		0.999846	0.017066	-0.004159	-0.017367	0.995940	-0.088323	0.002635	0.088382	0.996083	0.044221	-0.001700	-0.008617	0.998983	-0.002645	0.088497	-0.017134	0.407310	-0.037889	-0.067231	-0.002635	-0.088382	-0.996083	-0.012579	0.005481	-0.004863	0.000000	0.000000	0.000000	-1.000000	47644.162153		
2013092119595150500	CMDevMotMag	2013-09-21 19:59:51.505	R	22A7CFE3-2413-41D2-80F8-C693F17141F9		-142.611832	132.729965	-240.202164	0.000000	47644.207908		
2013092119595151400	CMGyro	2013-09-21 19:59:51.514	R	22A7CFE3-2413-41D2-80F8-C693F17141F9		0.218870	-0.025781	0.106384	47644.209042		
2013092119595151400	CMDevMot	2013-09-21 19:59:51.514	R	22A7CFE3-2413-41D2-80F8-C693F17141F9		0.999856	0.016961	-0.000842	-0.016960	0.994806	-0.100366	-0.000864	0.100366	0.994950	0.050248	0.000006	-0.008491	0.998701	0.000869	0.100535	-0.017048	0.228337	0.146316	0.057012	0.000864	-0.100366	-0.994950	-0.020701	-0.022132	0.062669	0.000000	0.000000	0.000000	-1.000000	47644.193412		
2013092119595154500	CMDevMotMag	2013-09-21 19:59:51.545	R	22A7CFE3-2413-41D2-80F8-C693F17141F9		-143.452713	132.897552	-239.709946	0.000000	47644.246813		
2013092119595154600	CMGyro	2013-09-21 19:59:51.546	R	22A7CFE3-2413-41D2-80F8-C693F17141F9		0.097352	-0.182137	-0.000972	47644.240301		
2013092119595154700	CMDevMot	2013-09-21 19:59:51.546	R	22A7CFE3-2413-41D2-80F8-C693F17141F9		0.999889	0.014837	-0.001597	-0.014923	0.994563	-0.103060	0.000059	0.103073	0.994674	0.051603	-0.000415	-0.007450	0.998640	-0.000060	0.103256	-0.014917	0.058143	-0.131483	0.042787	-0.000059	-0.103073	-0.994674	-0.002962	0.028900	0.013290	0.000000	0.000000	0.000000	-1.000000	47644.224672		
2013092119595157800	CMGyro	2013-09-21 19:59:51.577	R	22A7CFE3-2413-41D2-80F8-C693F17141F9		0.100414	-0.078104	-0.136873	47644.271561		
2013092119595157800	CMDevMot	2013-09-21 19:59:51.578	R	22A7CFE3-2413-41D2-80F8-C693F17141F9		0.999837	0.015867	-0.008558	-0.016647	0.994797	-0.100505	0.006919	0.100631	0.994900	0.050350	-0.003874	-0.008139	0.998691	-0.006954	0.100802	-0.015949	-0.089581	-0.102526	-0.098930	-0.006919	-0.100631	-0.994900	-0.032800	0.024673	0.049145	0.000000	0.000000	0.000000	-1.000000	47644.255931		
2013092119595158500	CMDevMotMag	2013-09-21 19:59:51.584	R	22A7CFE3-2413-41D2-80F8-C693F17141F9		-145.807144	132.227203	-238.069229	0.000000	47644.285651		
2013092119595162200	CMDevMotMag	2013-09-21 19:59:51.621	R	22A7CFE3-2413-41D2-80F8-C693F17141F9		-144.125412	133.232727	-237.741074	0.000000	47644.324512		
2013092119595162300	CMGyro	2013-09-21 19:59:51.623	R	22A7CFE3-2413-41D2-80F8-C693F17141F9		0.194644	-0.220863	-0.142138	47644.318450		
2013092119595162400	CMDevMot	2013-09-21 19:59:51.623	R	22A7CFE3-2413-41D2-80F8-C693F17141F9		0.999772	0.020140	-0.007157	-0.020721	0.995413	-0.093398	0.005244	0.093525	0.995603	0.046785	-0.003104	-0.010227	0.998848	-0.005267	0.093662	-0.020230	0.060900	-0.180322	-0.056246	-0.005244	-0.093525	-0.995603	0.026957	0.024113	0.026533	0.000000	0.000000	0.000000	-1.000000	47644.302820		
2013092119595165500	CMGyro	2013-09-21 19:59:51.654	R	22A7CFE3-2413-41D2-80F8-C693F17141F9		0.321111	-0.461276	0.106563	47644.349709		
2013092119595165500	CMDevMot	2013-09-21 19:59:51.655	R	22A7CFE3-2413-41D2-80F8-C693F17141F9		0.999606	0.024169	-0.014238	-0.025431	0.995017	-0.096403	0.011837	0.096727	0.995241	0.048344	-0.006527	-0.012416	0.998732	-0.011893	0.096879	-0.024285	0.158090	-0.291938	-0.073787	-0.011837	-0.096727	-0.995241	0.038601	-0.076384	-0.037886	-8.394127	-0.794604	-38.969048	1.000000	47644.334080		
2013092119595166000	CMDevMotMag	2013-09-21 19:59:51.660	R	22A7CFE3-2413-41D2-80F8-C693F17141F9		-146.311676	133.065140	-237.905151	0.000000	47644.363317		
2013092119595168600	CMGyro	2013-09-21 19:59:51.686	R	22A7CFE3-2413-41D2-80F8-C693F17141F9		0.067923	-0.662440	-0.091524	47644.380969		
2013092119595168700	CMDevMot	2013-09-21 19:59:51.686	R	22A7CFE3-2413-41D2-80F8-C693F17141F9		0.999419	0.022887	-0.025249	-0.025405	0.994213	-0.104378	0.022714	0.104959	0.994217	0.052414	-0.012009	-0.012092	0.998480	-0.022842	0.105152	-0.023017	0.112788	-0.567984	0.028070	-0.022714	-0.104959	-0.994217	-0.051276	0.049386	0.008240	-8.663616	-0.953168	-38.906464	1.000000	47644.365339		
2013092119595169900	CMDevMotMag	2013-09-21 19:59:51.699	R	22A7CFE3-2413-41D2-80F8-C693F17141F9		-147.993408	130.718903	-236.920715	0.000000	47644.402151		
2013092119595171700	CMGyro	2013-09-21 19:59:51.717	R	22A7CFE3-2413-41D2-80F8-C693F17141F9		0.463544	-0.168928	-0.249195	47644.412228		
2013092119595171800	CMDevMot	2013-09-21 19:59:51.717	R	22A7CFE3-2413-41D2-80F8-C693F17141F9		0.998504	0.026528	-0.047820	-0.031237	0.994437	-0.100594	0.044885	0.101937	0.993778	0.050717	-0.023215	-0.014465	0.998338	-0.045135	0.102114	-0.026670	0.019595	-0.492104	-0.234718	-0.044885	-0.101937	-0.993778	-0.031882	0.043069	-0.017514	-9.619872	-1.163500	-38.675369	1.000000	47644.396598		
2013092119595173800	CMDevMotMag	2013-09-21 19:59:51.737	R	22A7CFE3-2413-41D2-80F8-C693F17141F9		-145.975327	129.713379	-238.233292	0.000000	47644.440947		
2013092119595174800	CMGyro	2013-09-21 19:59:51.748	R	22A7CFE3-2413-41D2-80F8-C693F17141F9		0.714214	0.669429	-0.205009	47644.443488		
2013092119595174800	CMDevMot	2013-09-21 19:59:51.748	R	22A7CFE3-2413-41D2-80F8-C693F17141F9		0.998077	0.034123	-0.051756	-0.039884	0.992598	-0.114708	0.047458	0.116552	0.992050	0.057940	-0.024857	-0.018542	0.997838	-0.047802	0.116817	-0.034364	0.678891	0.272577	-0.251844	-0.047458	-0.116552	-0.992050	0.019001	0.003942	0.003235	-10.152452	-1.413476	-38.530632	1.000000	47644.427858		
2013092119595177700	CMDevMotMag	2013-09-21 19:59:51.777	R	22A7CFE3-2413-41D2-80F8-C693F17141F9		-145.975327	130.383728	-239.545883	0.000000	47644.479784		
2013092119595177800	Heading	2013-09-21 19:59:51.778	R	22A7CFE3-2413-41D2-80F8-C693F17141F9		76.246933	76.432106	35.000000	-8.771164	-2.870651	-38.868820	20130921195951777		
2013092119595177900	CMGyro	2013-09-21 19:59:51.779	R	22A7CFE3-2413-41D2-80F8-C693F17141F9		0.172266	0.390301	-0.127725	47644.474747		
2013092119595178000	CMDevMot	2013-09-21 19:59:51.779	R	22A7CFE3-2413-41D2-80F8-C693F17141F9		0.998637	0.040330	-0.033141	-0.044379	0.990223	-0.132249	0.027483	0.133539	0.990662	0.066618	-0.015195	-0.021232	0.997437	-0.027735	0.133939	-0.040706	0.331489	0.606038	-0.207169	-0.027483	-0.133539	-0.990662	-0.016187	-0.030508	0.059083	-9.725137	-2.242133	-38.601482	1.000000	47644.459117		
2013092119595180500	Heading	2013-09-21 19:59:51.804	R	22A7CFE3-2413-41D2-80F8-C693F17141F9		72.748787	72.933960	35.000000	-7.965332	-2.835754	-38.752594	20130921195951802		
2013092119595181100	CMGyro	2013-09-21 19:59:51.811	R	22A7CFE3-2413-41D2-80F8-C693F17141F9		-0.167505	-0.102043	-0.059707	47644.506007		
2013092119595181100	CMDevMot	2013-09-21 19:59:51.811	R	22A7CFE3-2413-41D2-80F8-C693F17141F9		0.998729	0.045103	-0.022512	-0.047713	0.989907	-0.133445	0.016266	0.134350	0.990800	0.067121	-0.009719	-0.023264	0.997426	-0.016415	0.134757	-0.045532	-0.167475	0.082391	-0.123565	-0.016266	-0.134350	-0.990800	0.008163	-0.009861	0.015672	-9.321902	-2.531622	-38.682976	1.000000	47644.490377		
2013092119595181600	CMDevMotMag	2013-09-21 19:59:51.815	R	22A7CFE3-2413-41D2-80F8-C693F17141F9		-145.134445	130.886490	-239.053665	0.000000	47644.518587		
2013092119595183000	Heading	2013-09-21 19:59:51.829	R	22A7CFE3-2413-41D2-80F8-C693F17141F9		73.781227	73.966400	35.000000	-7.986359	-2.982391	-38.978195	20130921195951828		
2013092119595184200	CMGyro	2013-09-21 19:59:51.842	R	22A7CFE3-2413-41D2-80F8-C693F17141F9		-0.045002	0.025802	0.045830	47644.537266		
2013092119595184300	CMDevMot	2013-09-21 19:59:51.842	R	22A7CFE3-2413-41D2-80F8-C693F17141F9		0.998591	0.047783	-0.023086	-0.050314	0.990805	-0.125593	0.016873	0.126578	0.991813	0.063191	-0.010013	-0.024582	0.997648	-0.017010	0.126918	-0.048189	-0.274242	-0.042630	-0.041917	-0.016873	-0.126578	-0.991813	0.018643	-0.031412	0.017875	-8.889664	-2.481562	-38.787823	1.000000	47644.521636		
2013092119595185400	CMDevMotMag	2013-09-21 19:59:51.854	R	22A7CFE3-2413-41D2-80F8-C693F17141F9		-144.461761	131.221680	-237.741074	0.000000	47644.557384		
2013092119595185600	Heading	2013-09-21 19:59:51.855	R	22A7CFE3-2413-41D2-80F8-C693F17141F9		75.240181	75.425354	35.000000	-7.481842	-3.317566	-38.879761	20130921195951854		
2013092119595187300	CMGyro	2013-09-21 19:59:51.873	R	22A7CFE3-2413-41D2-80F8-C693F17141F9		0.121627	0.175213	0.061151	47644.568526		
2013092119595187400	CMDevMot	2013-09-21 19:59:51.873	R	22A7CFE3-2413-41D2-80F8-C693F17141F9		0.998673	0.047335	-0.020303	-0.049499	0.991005	-0.124333	0.014235	0.125173	0.992033	0.062520	-0.008654	-0.024264	0.997711	-0.014348	0.125502	-0.047728	-0.054984	0.178017	0.051761	-0.014235	-0.125173	-0.992033	-0.019914	-0.024943	-0.035021	-8.905050	-2.318240	-38.794399	1.000000	47644.552896		
2013092119595189300	CMDevMotMag	2013-09-21 19:59:51.893	R	22A7CFE3-2413-41D2-80F8-C693F17141F9		-144.629929	130.383728	-237.577011	0.000000	47644.596115		
2013092119595190500	CMGyro	2013-09-21 19:59:51.904	R	22A7CFE3-2413-41D2-80F8-C693F17141F9		0.126176	0.059236	-0.020165	47644.599785		
2013092119595190500	CMDevMot	2013-09-21 19:59:51.905	R	22A7CFE3-2413-41D2-80F8-C693F17141F9		0.998791	0.046320	-0.016489	-0.048015	0.991077	-0.124342	0.010583	0.124983	0.992102	0.062472	-0.006783	-0.023637	0.997744	-0.010667	0.125311	-0.046703	0.004804	0.151085	-0.014956	-0.010583	-0.124983	-0.992102	-0.041389	0.011229	-0.033960	-8.704327	-2.250488	-38.843914	1.000000	47644.584155		
2013092119595193200	CMDevMotMag	2013-09-21 19:59:51.932	R	22A7CFE3-2413-41D2-80F8-C693F17141F9		-144.798096	130.216141	-238.397369	0.000000	47644.634988		
2013092119595193600	CMGyro	2013-09-21 19:59:51.936	R	22A7CFE3-2413-41D2-80F8-C693F17141F9		0.161187	-0.150400	0.080648	47644.631045		
2013092119595193600	CMDevMot	2013-09-21 19:59:51.936	R	22A7CFE3-2413-41D2-80F8-C693F17141F9		0.998780	0.046981	-0.015239	-0.048526	0.990904	-0.125516	0.009203	0.126102	0.991975	0.063049	-0.006124	-0.023932	0.997705	-0.009277	0.126439	-0.047377	0.039896	-0.025781	-0.000581	-0.009203	-0.126102	-0.991975	-0.011000	-0.016919	-0.060439	-8.676435	-2.244744	-38.850487	1.000000	47644.615415		
2013092119595196700	CMGyro	2013-09-21 19:59:51.967	R	22A7CFE3-2413-41D2-80F8-C693F17141F9		0.221902	-0.545011	0.087632	47644.662304		
2013092119595196800	CMDevMot	2013-09-21 19:59:51.967	R	22A7CFE3-2413-41D2-80F8-C693F17141F9		0.998771	0.044226	-0.022355	-0.046714	0.990815	-0.126899	0.016538	0.127787	0.991664	0.063821	-0.009746	-0.022789	0.997654	-0.016675	0.128138	-0.044606	0.129787	-0.245722	0.141332	-0.016538	-0.127787	-0.991664	-0.049121	-0.001516	-0.079961	-8.624200	-2.294201	-38.859226	1.000000	47644.646674		
2013092119595197100	CMDevMotMag	2013-09-21 19:59:51.971	R	22A7CFE3-2413-41D2-80F8-C693F17141F9		-146.143494	131.221680	-237.741074	0.000000	47644.673871		
2013092119595198600	Heading	2013-09-21 19:59:51.985	R	22A7CFE3-2413-41D2-80F8-C693F17141F9		73.847778	74.032951	35.000000	-7.868652	-2.965622	-38.928986	20130921195951984		
2013092119595199800	CMGyro	2013-09-21 19:59:51.998	R	22A7CFE3-2413-41D2-80F8-C693F17141F9		0.034418	-0.412100	-0.044875	47644.693564		
2013092119595199900	CMDevMot	2013-09-21 19:59:51.999	R	22A7CFE3-2413-41D2-80F8-C693F17141F9		0.998307	0.043261	-0.038869	-0.047901	0.990658	-0.127680	0.032983	0.129326	0.991053	0.064412	-0.018008	-0.022848	0.997499	-0.033268	0.129689	-0.043642	-0.092037	-0.583732	-0.072571	-0.032983	-0.129326	-0.991053	-0.048667	-0.014031	0.056239	-9.165615	-2.407832	-38.728199	1.000000	47644.677934		
2013092119595201100	CMDevMotMag	2013-09-21 19:59:52.010	R	22A7CFE3-2413-41D2-80F8-C693F17141F9		-147.825241	130.886490	-238.069229	0.000000	47644.712748		
2013092119595202900	CMGyro	2013-09-21 19:59:52.029	R	22A7CFE3-2413-41D2-80F8-C693F17141F9		0.150323	0.084999	-0.071979	47644.724823		
2013092119595202900	CMDevMot	2013-09-21 19:59:52.029	R	22A7CFE3-2413-41D2-80F8-C693F17141F9		0.997722	0.045010	-0.050245	-0.051062	0.990652	-0.126499	0.044081	0.128776	0.990694	0.063986	-0.023643	-0.024081	0.997380	-0.044466	0.129135	-0.045404	0.029739	-0.172860	-0.025099	-0.044081	-0.128776	-0.990694	-0.017274	-0.056283	0.001848	-9.836529	-2.379770	-38.564999	1.000000	47644.709193		
2013092119595205000	CMDevMotMag	2013-09-21 19:59:52.050	R	22A7CFE3-2413-41D2-80F8-C693F17141F9		-145.470795	131.892029	-238.069229	0.000000	47644.751580		
2013092119595206300	CMGyro	2013-09-21 19:59:52.062	R	22A7CFE3-2413-41D2-80F8-C693F17141F9		0.130153	0.504986	-0.070524	47644.756083		
2013092119595206300	CMDevMot	2013-09-21 19:59:52.063	R	22A7CFE3-2413-41D2-80F8-C693F17141F9		0.997695	0.047250	-0.048696	-0.053235	0.990085	-0.129990	0.042072	0.132283	0.990319	0.065748	-0.022754	-0.025190	0.997259	-0.042457	0.132672	-0.047687	0.003347	0.381682	-0.097901	-0.042072	-0.132283	-0.990319	-0.052777	-0.047115	0.071755	-10.088964	-2.515849	-38.491077	1.000000	47644.740453		
2013092119595208700	CMDevMotMag	2013-09-21 19:59:52.087	R	22A7CFE3-2413-41D2-80F8-C693F17141F9		-144.293579	132.059616	-238.889587	0.000000	47644.790452		
2013092119595209000	Heading	2013-09-21 19:59:52.090	R	22A7CFE3-2413-41D2-80F8-C693F17141F9		71.646912	71.832085	35.000000	-8.389984	-2.714233	-38.387543	20130921195952088		
2013092119595209300	CMGyro	2013-09-21 19:59:52.092	R	22A7CFE3-2413-41D2-80F8-C693F17141F9		-0.271802	0.245529	-0.007757	47644.787342		
2013092119595209300	CMDevMot	2013-09-21 19:59:52.093	R	22A7CFE3-2413-41D2-80F8-C693F17141F9		0.998159	0.050342	-0.033815	-0.054349	0.989961	-0.130472	0.026908	0.132069	0.990875	0.065808	-0.015221	-0.026242	0.997371	-0.027149	0.132456	-0.050809	-0.161163	0.378099	-0.094672	-0.026908	-0.132069	-0.990875	0.012000	-0.034847	0.081329	-9.908727	-2.539388	-38.536324	1.000000	47644.771712		
2013092119595212400	CMGyro	2013-09-21 19:59:52.123	R	22A7CFE3-2413-41D2-80F8-C693F17141F9		-0.014334	0.210267	0.125308	47644.818602		
2013092119595212400	CMDevMot	2013-09-21 19:59:52.124	R	22A7CFE3-2413-41D2-80F8-C693F17141F9		0.998424	0.051126	-0.023165	-0.053567	0.991182	-0.121194	0.016764	0.122244	0.992358	0.060997	-0.010005	-0.026233	0.997743	-0.016892	0.122551	-0.051535	-0.343300	0.283678	0.084422	-0.016764	-0.122244	-0.992358	0.039652	-0.043207	-0.057904	-9.325745	-2.556592	-38.680408	1.000000	47644.802972		
2013092119595212700	CMDevMotMag	2013-09-21 19:59:52.126	R	22A7CFE3-2413-41D2-80F8-C693F17141F9		-145.470795	131.221680	-238.069229	0.000000	47644.829342		
2013092119595214100	Heading	2013-09-21 19:59:52.140	R	22A7CFE3-2413-41D2-80F8-C693F17141F9		73.722771	73.907944	35.000000	-7.935913	-2.529877	-38.994598	20130921195952139		
2013092119595215500	CMGyro	2013-09-21 19:59:52.154	R	22A7CFE3-2413-41D2-80F8-C693F17141F9		0.146488	0.146275	0.009166	47644.849861		
2013092119595215500	CMDevMot	2013-09-21 19:59:52.155	R	22A7CFE3-2413-41D2-80F8-C693F17141F9		0.998674	0.048931	-0.016015	-0.050484	0.991715	-0.118119	0.010102	0.118771	0.992870	0.059347	-0.006543	-0.024906	0.997905	-0.010174	0.119052	-0.049300	0.023421	0.190568	0.019240	-0.010102	-0.118771	-0.992870	-0.011123	0.001202	-0.089603	-8.786674	-2.039146	-38.837044	1.000000	47644.834232		
2013092119595216600	CMDevMotMag	2013-09-21 19:59:52.166	R	22A7CFE3-2413-41D2-80F8-C693F17141F9		-143.957230	131.389267	-238.233292	0.000000	47644.868251		
2013092119595218600	CMGyro	2013-09-21 19:59:52.186	R	22A7CFE3-2413-41D2-80F8-C693F17141F9		0.074795	0.036391	0.025267	47644.881121		
2013092119595218700	CMDevMot	2013-09-21 19:59:52.186	R	22A7CFE3-2413-41D2-80F8-C693F17141F9		0.998716	0.049216	-0.012035	-0.050301	0.991593	-0.119220	0.006067	0.119672	0.992795	0.059849	-0.004535	-0.024932	0.997886	-0.006111	0.119959	-0.049592	0.016455	0.116496	-0.014809	-0.006067	-0.119672	-0.992795	0.011255	-0.025805	-0.014972	-8.590997	-2.044047	-38.880539	1.000000	47644.865491		
2013092119595219300	Heading	2013-09-21 19:59:52.192	R	22A7CFE3-2413-41D2-80F8-C693F17141F9		72.079475	72.264648	35.000000	-7.280029	-2.379044	-39.306351	20130921195952191		
2013092119595220400	CMDevMotMag	2013-09-21 19:59:52.204	R	22A7CFE3-2413-41D2-80F8-C693F17141F9		-144.461761	130.886490	-239.053665	0.000000	47644.907187		
2013092119595221800	CMGyro	2013-09-21 19:59:52.218	R	22A7CFE3-2413-41D2-80F8-C693F17141F9		0.104379	0.057113	0.090058	47644.912381		
2013092119595221900	CMDevMot	2013-09-21 19:59:52.218	R	22A7CFE3-2413-41D2-80F8-C693F17141F9		0.998740	0.049179	-0.010005	-0.050023	0.991557	-0.119638	0.004037	0.119987	0.992767	0.060034	-0.003518	-0.024853	0.997881	-0.004066	0.120277	-0.049557	-0.049411	0.047668	0.022986	-0.004037	-0.119987	-0.992767	0.003213	-0.041389	0.008789	-8.455494	-2.101494	-38.907173	1.000000	47644.896751		
2013092119595224300	CMDevMotMag	2013-09-21 19:59:52.243	R	22A7CFE3-2413-41D2-80F8-C693F17141F9		-143.452713	131.556854	-240.366241	0.000000	47644.946001		
2013092119595224900	CMGyro	2013-09-21 19:59:52.249	R	22A7CFE3-2413-41D2-80F8-C693F17141F9		0.211804	0.091293	0.193519	47644.943640		
2013092119595224900	CMDevMot	2013-09-21 19:59:52.249	R	22A7CFE3-2413-41D2-80F8-C693F17141F9		0.998876	0.046928	-0.006677	-0.047393	0.991401	-0.121977	0.000895	0.122156	0.992510	0.061165	-0.001897	-0.023631	0.997846	-0.000902	0.122462	-0.047300	0.070871	0.089672	0.141799	-0.000895	-0.122156	-0.992510	0.024287	-0.037313	-0.008130	-8.427361	-2.072136	-38.914852	1.000000	47644.928010		
2013092119595227000	Heading	2013-09-21 19:59:52.270	R	22A7CFE3-2413-41D2-80F8-C693F17141F9		70.064186	70.249359	35.000000	-6.640961	-2.311996	-39.207916	20130921195952269		
2013092119595228000	CMGyro	2013-09-21 19:59:52.280	R	22A7CFE3-2413-41D2-80F8-C693F17141F9		0.180665	0.109196	0.157401	47644.974900		
2013092119595228000	CMDevMot	2013-09-21 19:59:52.280	R	22A7CFE3-2413-41D2-80F8-C693F17141F9		0.999118	0.041794	-0.004081	-0.041975	0.991099	-0.126334	-0.001236	0.126394	0.991979	0.063323	-0.000713	-0.020989	0.997772	0.001246	0.126733	-0.042145	0.087551	0.125938	0.156705	0.001236	-0.126394	-0.991979	-0.016220	-0.021387	0.047476	-8.298238	-2.138723	-38.938988	1.000000	47644.959270		
2013092119595228200	CMDevMotMag	2013-09-21 19:59:52.282	R	22A7CFE3-2413-41D2-80F8-C693F17141F9		-144.461761	131.892029	-238.725510	0.000000	47644.984879		
2013092119595231300	CMGyro	2013-09-21 19:59:52.312	R	22A7CFE3-2413-41D2-80F8-C693F17141F9		0.122859	-0.073221	0.164464	47645.006159		
2013092119595231300	CMDevMot	2013-09-21 19:59:52.313	R	22A7CFE3-2413-41D2-80F8-C693F17141F9		0.999300	0.037370	-0.001435	-0.037241	0.990878	-0.129513	-0.003419	0.129476	0.991577	0.064895	0.000497	-0.018696	0.997717	0.003448	0.129840	-0.037697	0.033261	0.021120	0.147128	0.003419	-0.129476	-0.991577	-0.002869	-0.025904	0.016708	-8.125629	-2.289828	-38.966789	1.000000	47644.990529		
2013092119595232000	CMDevMotMag	2013-09-21 19:59:52.320	R	22A7CFE3-2413-41D2-80F8-C693F17141F9		-142.948181	132.729965	-239.874023	0.000000	47645.023729		
2013092119595234300	CMGyro	2013-09-21 19:59:52.342	R	22A7CFE3-2413-41D2-80F8-C693F17141F9		-0.055633	-0.255326	0.183644	47645.037419		
2013092119595234300	CMDevMot	2013-09-21 19:59:52.343	R	22A7CFE3-2413-41D2-80F8-C693F17141F9		0.999445	0.033103	-0.003821	-0.033320	0.991068	-0.129131	-0.000487	0.129187	0.991620	0.064724	-0.000835	-0.016643	0.997764	0.000491	0.129549	-0.033389	-0.055961	-0.148356	0.127566	0.000487	-0.129187	-0.991620	-0.021834	-0.031580	0.019071	-8.130457	-2.340005	-38.962799	1.000000	47645.021789		
2013092119595234900	Heading	2013-09-21 19:59:52.348	R	22A7CFE3-2413-41D2-80F8-C693F17141F9		68.681213	68.866386	35.000000	-6.573700	-2.412552	-39.470413	20130921195952347		
2013092119595236000	CMDevMotMag	2013-09-21 19:59:52.360	R	22A7CFE3-2413-41D2-80F8-C693F17141F9		-143.452713	131.556854	-240.694382	0.000000	47645.062610		
2013092119595237300	CMGyro	2013-09-21 19:59:52.373	R	22A7CFE3-2413-41D2-80F8-C693F17141F9		-0.298864	-0.443786	0.264202	47645.068678		
2013092119595237400	CMDevMot	2013-09-21 19:59:52.374	R	22A7CFE3-2413-41D2-80F8-C693F17141F9		0.999501	0.027829	-0.014927	-0.029533	0.991105	-0.129763	0.011183	0.130139	0.991433	0.065122	-0.006542	-0.014373	0.997752	-0.011279	0.130509	-0.028072	-0.323700	-0.352797	0.190373	-0.011183	-0.130139	-0.991433	-0.013002	-0.046161	0.006386	-8.398995	-2.339500	-38.905827	1.000000	47645.053049		
2013092119595239900	CMDevMotMag	2013-09-21 19:59:52.398	R	22A7CFE3-2413-41D2-80F8-C693F17141F9		-145.807144	134.238266	-238.069229	0.000000	47645.101541		
2013092119595240000	Heading	2013-09-21 19:59:52.399	R	22A7CFE3-2413-41D2-80F8-C693F17141F9		67.629227	67.814400	35.000000	-7.078232	-1.909790	-39.437592	20130921195952398		
2013092119595240500	CMGyro	2013-09-21 19:59:52.405	R	22A7CFE3-2413-41D2-80F8-C693F17141F9		-0.285984	-0.221681	0.159247	47645.099938		
2013092119595240500	CMDevMot	2013-09-21 19:59:52.405	R	22A7CFE3-2413-41D2-80F8-C693F17141F9		0.999411	0.021124	-0.027062	-0.024193	0.992644	-0.118629	0.024357	0.119213	0.992570	0.059575	-0.012880	-0.011351	0.998076	-0.024535	0.119498	-0.021278	-0.420737	-0.347153	0.214542	-0.024357	-0.119213	-0.992570	-0.000118	-0.011478	0.003877	-8.649699	-2.295003	-38.853508	1.000000	47645.084308		
2013092119595243700	CMGyro	2013-09-21 19:59:52.436	R	22A7CFE3-2413-41D2-80F8-C693F17141F9		-0.122943	0.018378	0.110537	47645.131198		
2013092119595243800	CMDevMot	2013-09-21 19:59:52.437	R	22A7CFE3-2413-41D2-80F8-C693F17141F9		0.999314	0.017579	-0.032600	-0.020958	0.994105	-0.106377	0.030538	0.106987	0.993791	0.053426	-0.015810	-0.009650	0.998400	-0.030719	0.107192	-0.017682	-0.316024	-0.073362	0.077235	-0.030538	-0.106987	-0.993791	-0.000392	0.002067	-0.020872	-9.145516	-1.810661	-38.765461	1.000000	47645.115568		
2013092119595243800	CMDevMotMag	2013-09-21 19:59:52.438	R	22A7CFE3-2413-41D2-80F8-C693F17141F9		-145.134445	134.573441	-240.366241	0.000000	47645.140358		
2013092119595245200	Heading	2013-09-21 19:59:52.452	R	22A7CFE3-2413-41D2-80F8-C693F17141F9		65.626961	65.812134	35.000000	-8.070465	-0.686401	-39.618073	20130921195952450		
2013092119595246700	CMGyro	2013-09-21 19:59:52.467	R	22A7CFE3-2413-41D2-80F8-C693F17141F9		-0.138577	0.374953	0.341360	47645.162457		
2013092119595246800	CMDevMot	2013-09-21 19:59:52.468	R	22A7CFE3-2413-41D2-80F8-C693F17141F9		0.999455	0.014860	-0.029482	-0.017809	0.994579	-0.102448	0.027800	0.102918	0.994301	0.051416	-0.014342	-0.008179	0.998541	-0.027952	0.103100	-0.014939	-0.196730	0.172652	0.166453	-0.027800	-0.102918	-0.994301	0.033431	-0.082873	0.045784	-9.380671	-1.130268	-38.735062	1.000000	47645.146827		
2013092119595247700	CMDevMotMag	2013-09-21 19:59:52.477	R	22A7CFE3-2413-41D2-80F8-C693F17141F9		-144.798096	135.243790	-239.709946	0.000000	47645.179217		
2013092119595247800	Heading	2013-09-21 19:59:52.478	R	22A7CFE3-2413-41D2-80F8-C693F17141F9		64.163582	64.348755	35.000000	-8.104095	-0.083069	-39.716507	20130921195952476		
2013092119595249900	CMGyro	2013-09-21 19:59:52.498	R	22A7CFE3-2413-41D2-80F8-C693F17141F9		-0.545942	0.752841	0.513601	47645.193717		
2013092119595249900	CMDevMot	2013-09-21 19:59:52.499	R	22A7CFE3-2413-41D2-80F8-C693F17141F9		0.999876	0.004743	-0.015011	-0.006129	0.995584	-0.093674	0.014501	0.093754	0.995490	0.046910	-0.007386	-0.002721	0.998868	-0.014565	0.093892	-0.004764	-0.415376	0.714576	0.430553	-0.014501	-0.093754	-0.995490	0.020726	-0.074657	0.180548	-9.075219	-0.945852	-38.812695	1.000000	47645.178087		
2013092119595250400	Heading	2013-09-21 19:59:52.503	R	22A7CFE3-2413-41D2-80F8-C693F17141F9		61.963120	62.148289	35.000000	-7.902283	0.654297	-39.814941	20130921195952502		
2013092119595251500	CMDevMotMag	2013-09-21 19:59:52.515	R	22A7CFE3-2413-41D2-80F8-C693F17141F9		-144.125412	137.925201	-239.381805	0.000000	47645.218107		
2013092119595252900	CMGyro	2013-09-21 19:59:52.529	R	22A7CFE3-2413-41D2-80F8-C693F17141F9		-0.932080	-0.225682	0.499126	47645.224976		
2013092119595253000	CMDevMot	2013-09-21 19:59:52.530	R	22A7CFE3-2413-41D2-80F8-C693F17141F9		0.999931	-0.010466	0.005372	0.010828	0.997318	-0.072381	-0.004600	0.072434	0.997363	0.036228	0.002495	0.005327	0.999326	0.004612	0.072498	0.010494	-0.841382	0.358662	0.515843	0.004600	-0.072434	-0.997363	0.040413	-0.032897	-0.024717	-8.238095	-0.263702	-39.009537	1.000000	47645.209347		
2013092119595255400	CMDevMotMag	2013-09-21 19:59:52.553	R	22A7CFE3-2413-41D2-80F8-C693F17141F9		-145.807144	141.276978	-240.366241	0.000000	47645.257010		
2013092119595255500	Heading	2013-09-21 19:59:52.555	R	22A7CFE3-2413-41D2-80F8-C693F17141F9		60.825405	61.010574	35.000000	-7.397766	2.598328	-40.208710	20130921195952553		
2013092119595256200	CMGyro	2013-09-21 19:59:52.561	R	22A7CFE3-2413-41D2-80F8-C693F17141F9		-1.277396	-1.071911	0.228907	47645.256236		
2013092119595256200	CMDevMot	2013-09-21 19:59:52.562	R	22A7CFE3-2413-41D2-80F8-C693F17141F9		0.999690	-0.024473	-0.004626	0.024276	0.998954	-0.038752	0.005570	0.038628	0.999238	0.019350	-0.002550	0.012190	0.999735	-0.005574	0.038638	0.024494	-1.252048	-0.754934	0.335249	-0.005570	-0.038628	-0.999238	-0.109603	-0.060951	-0.097258	-7.916991	0.280740	-39.075851	1.000000	47645.240606		
2013092119595258100	Heading	2013-09-21 19:59:52.581	R	22A7CFE3-2413-41D2-80F8-C693F17141F9		59.251949	59.437119	35.000000	-7.565948	4.039581	-40.208710	20130921195952580		
2013092119595259200	CMGyro	2013-09-21 19:59:52.592	R	22A7CFE3-2413-41D2-80F8-C693F17141F9		-0.700571	-0.376381	0.385722	47645.287495		
2013092119595259300	CMDevMot	2013-09-21 19:59:52.593	R	22A7CFE3-2413-41D2-80F8-C693F17141F9		0.998895	-0.030972	-0.035359	0.031070	0.999515	0.002218	0.035273	-0.003315	0.999372	-0.001384	-0.017663	0.015515	0.999723	-0.035280	-0.003315	0.030977	-1.260541	-0.773933	0.286061	-0.035273	0.003315	-0.999372	-0.001318	-0.128330	-0.036471	-8.270155	1.715151	-38.965916	1.000000	47645.271866		
2013092119595259300	CMDevMotMag	2013-09-21 19:59:52.593	R	22A7CFE3-2413-41D2-80F8-C693F17141F9		-146.816193	142.617676	-240.366241	0.000000	47645.295972		
2013092119595260800	Heading	2013-09-21 19:59:52.608	R	22A7CFE3-2413-41D2-80F8-C693F17141F9		56.563038	56.748207	35.000000	-8.003204	5.346771	-40.208710	20130921195952606		
2013092119595262400	CMGyro	2013-09-21 19:59:52.623	R	22A7CFE3-2413-41D2-80F8-C693F17141F9		0.107670	0.386150	0.316989	47645.318755		
2013092119595262400	CMDevMot	2013-09-21 19:59:52.624	R	22A7CFE3-2413-41D2-80F8-C693F17141F9		0.998087	-0.041399	-0.045909	0.042560	0.998791	0.024607	0.044835	-0.026513	0.998643	-0.012787	-0.022699	0.021001	0.999440	-0.044866	-0.026516	0.041425	-0.329451	-0.026832	0.403087	-0.044835	0.026513	-0.998643	0.046819	-0.053170	0.022751	-9.673590	4.037168	-38.468201	1.000000	47645.303126		
2013092119595263300	CMDevMotMag	2013-09-21 19:59:52.632	R	22A7CFE3-2413-41D2-80F8-C693F17141F9		-146.648026	142.450089	-239.217728	0.000000	47645.334823		
2013092119595263400	Heading	2013-09-21 19:59:52.633	R	22A7CFE3-2413-41D2-80F8-C693F17141F9		54.838921	55.024090	35.000000	-8.490906	6.838318	-40.028244	20130921195952632		
2013092119595265500	CMGyro	2013-09-21 19:59:52.655	R	22A7CFE3-2413-41D2-80F8-C693F17141F9		0.321243	0.677572	0.170570	47645.350015		
2013092119595265500	CMDevMot	2013-09-21 19:59:52.655	R	22A7CFE3-2413-41D2-80F8-C693F17141F9		0.998224	-0.049964	-0.032439	0.050789	0.998393	0.025142	0.031131	-0.026744	0.999157	-0.012978	-0.015901	0.025202	0.999472	-0.031147	-0.026748	0.050002	0.152641	0.694623	0.203896	-0.031131	0.026744	-0.999157	-0.027616	-0.094081	0.088330	-9.558600	4.494843	-38.446186	1.000000	47645.334385		
2013092119595267100	CMDevMotMag	2013-09-21 19:59:52.671	R	22A7CFE3-2413-41D2-80F8-C693F17141F9		-144.461761	141.276978	-240.366241	0.000000	47645.373620		
2013092119595268600	CMGyro	2013-09-21 19:59:52.686	R	22A7CFE3-2413-41D2-80F8-C693F17141F9		0.184268	0.360204	0.149378	47645.381275		
2013092119595268700	CMDevMot	2013-09-21 19:59:52.686	R	22A7CFE3-2413-41D2-80F8-C693F17141F9		0.998440	-0.054631	-0.011500	0.054853	0.998294	0.019997	0.010388	-0.020597	0.999734	-0.010153	-0.005474	0.027383	0.999558	-0.010390	-0.020598	0.054669	0.125998	0.577710	0.131491	-0.010388	0.020597	-0.999734	0.000164	-0.129484	0.024499	-8.740533	4.343728	-38.657661	1.000000	47645.365645		
2013092119595270900	CMDevMotMag	2013-09-21 19:59:52.709	R	22A7CFE3-2413-41D2-80F8-C693F17141F9		-144.293579	141.779739	-241.186600	0.000000	47645.412452		
2013092119595271700	CMGyro	2013-09-21 19:59:52.717	R	22A7CFE3-2413-41D2-80F8-C693F17141F9		0.075976	-0.067106	0.134180	47645.412534		
2013092119595271800	CMDevMot	2013-09-21 19:59:52.717	R	22A7CFE3-2413-41D2-80F8-C693F17141F9		0.998286	-0.058509	-0.001079	0.058519	0.998157	0.016059	0.000138	-0.016095	0.999870	-0.008042	-0.000304	0.029270	0.999539	-0.000138	-0.016096	0.058550	0.014966	0.112285	0.121639	-0.000138	0.016095	-0.999870	0.021347	-0.123135	-0.078453	-8.355065	4.263106	-38.751759	1.000000	47645.396904		
2013092119595273800	Heading	2013-09-21 19:59:52.738	R	22A7CFE3-2413-41D2-80F8-C693F17141F9		53.079079	53.264248	35.000000	-7.919113	7.910889	-40.192307	20130921195952735		
2013092119595274800	CMDevMotMag	2013-09-21 19:59:52.748	R	22A7CFE3-2413-41D2-80F8-C693F17141F9		-145.134445	142.952850	-239.709946	0.000000	47645.451339		
2013092119595274800	CMGyro	2013-09-21 19:59:52.748	R	22A7CFE3-2413-41D2-80F8-C693F17141F9		-0.026064	-0.363982	-0.137296	47645.443794		
2013092119595274900	CMDevMot	2013-09-21 19:59:52.748	R	22A7CFE3-2413-41D2-80F8-C693F17141F9		0.998136	-0.061015	-0.001315	0.061027	0.998048	0.013263	0.000503	-0.013319	0.999911	-0.006649	-0.000455	0.030526	0.999512	-0.000503	-0.013319	0.061059	-0.056676	-0.113469	0.003417	-0.000503	0.013319	-0.999911	0.012283	-0.073820	-0.052594	-7.900738	3.994233	-38.875496	1.000000	47645.428164		
2013092119595278000	CMGyro	2013-09-21 19:59:52.780	R	22A7CFE3-2413-41D2-80F8-C693F17141F9		0.221362	-0.285575	-0.136996	47645.475053		
2013092119595278000	CMDevMot	2013-09-21 19:59:52.780	R	22A7CFE3-2413-41D2-80F8-C693F17141F9		0.998371	-0.055854	-0.011644	0.056017	0.998329	0.014182	0.010833	-0.014811	0.999832	-0.007251	-0.005622	0.027980	0.999566	-0.010834	-0.014811	0.055890	-0.038290	-0.298904	-0.225765	-0.010833	0.014811	-0.999832	0.010131	-0.108927	-0.126435	-8.149681	4.112256	-38.811749	1.000000	47645.459424		
2013092119595278700	CMDevMotMag	2013-09-21 19:59:52.787	R	22A7CFE3-2413-41D2-80F8-C693F17141F9		-145.975327	143.455627	-240.530319	0.000000	47645.490163		
2013092119595278800	Heading	2013-09-21 19:59:52.788	R	22A7CFE3-2413-41D2-80F8-C693F17141F9		50.744576	50.929745	35.000000	-7.801392	8.061707	-40.405594	20130921195952787		
2013092119595281100	CMGyro	2013-09-21 19:59:52.811	R	22A7CFE3-2413-41D2-80F8-C693F17141F9		0.426003	-0.397927	0.129484	47645.506313		
2013092119595281200	CMDevMot	2013-09-21 19:59:52.811	R	22A7CFE3-2413-41D2-80F8-C693F17141F9		0.998465	-0.051626	-0.020070	0.051827	0.998609	0.009662	0.019543	-0.010687	0.999752	-0.005089	-0.009907	0.025874	0.999603	-0.019546	-0.010687	0.051652	0.243109	-0.293033	-0.033077	-0.019543	0.010687	-0.999752	0.080426	-0.171439	-0.147190	-8.547831	3.988066	-38.738995	1.000000	47645.490683		
2013092119595281400	Heading	2013-09-21 19:59:52.814	R	22A7CFE3-2413-41D2-80F8-C693F17141F9		43.975517	44.160686	35.000000	-8.053650	8.145508	-40.257935	20130921195952813		
2013092119595282600	CMDevMotMag	2013-09-21 19:59:52.826	R	22A7CFE3-2413-41D2-80F8-C693F17141F9		-146.984375	140.774216	-238.889587	0.000000	47645.528967		
2013092119595284200	CMGyro	2013-09-21 19:59:52.842	R	22A7CFE3-2413-41D2-80F8-C693F17141F9		0.355185	-0.489571	0.019438	47645.537573		
2013092119595284300	CMDevMot	2013-09-21 19:59:52.843	R	22A7CFE3-2413-41D2-80F8-C693F17141F9		0.997992	-0.054815	-0.031724	0.054835	0.998495	-0.000247	0.031690	-0.001493	0.999497	-0.000312	-0.015862	0.027426	0.999498	-0.031695	-0.001493	0.054842	0.279756	-0.443203	0.119603	-0.031690	0.001493	-0.999497	0.042814	-0.107557	-0.049606	-8.720710	3.853992	-38.714024	1.000000	47645.521943		
2013092119595286500	CMDevMotMag	2013-09-21 19:59:52.865	R	22A7CFE3-2413-41D2-80F8-C693F17141F9		-147.152542	139.601089	-238.397369	0.000000	47645.567802		
2013092119595287400	CMGyro	2013-09-21 19:59:52.873	R	22A7CFE3-2413-41D2-80F8-C693F17141F9		0.363013	-0.170187	-0.233189	47645.568832		
2013092119595287400	CMDevMot	2013-09-21 19:59:52.874	R	22A7CFE3-2413-41D2-80F8-C693F17141F9		0.997507	-0.053703	-0.045770	0.053262	0.998522	-0.010794	0.046282	0.008329	0.998894	0.004784	-0.023027	0.026758	0.999365	-0.046300	0.008329	0.053730	0.230899	-0.370244	-0.190637	-0.046282	-0.008329	-0.998894	-0.035017	-0.067126	0.077614	-9.180483	3.521760	-38.639301	1.000000	47645.553203		
