2013092223000975100	Event	Test Begin	Default Test	2013-09-22 23:00:09.734	R	22A7CFE3-2413-41D2-80F8-C693F17141F9	ApioTest version 1.07		
2013092223000975100	Config	Local Default		DevMotRate	32.0	MagnetometerRate	32.0	LocDistanceFilter	20	AccelerometerRate	32.0	GyroRate	32.0		
2013092223000975100	Customer	22A7CFE3-2413-41D2-80F8-C693F17141F9	Kayla	Washenberger	6517697331			
2013092223000975200	Vehicle	Chevy	Monte Carlo	1999	Black			
2013092223000975200	Event	Text	Default Test	2013-09-22 23:00:09.734	R	22A7CFE3-2413-41D2-80F8-C693F17141F9	Driver		
2013092223000979100	CMGyro	2013-09-22 23:00:09.791	R	22A7CFE3-2413-41D2-80F8-C693F17141F9		-0.189614	0.394935	-0.097314	61839.017540		
2013092223000980800	CMDevMot	2013-09-22 23:00:09.807	R	22A7CFE3-2413-41D2-80F8-C693F17141F9		0.999997	0.000616	0.002142	-0.000619	0.999999	0.001574	-0.002141	-0.001575	0.999996	-0.000787	0.001071	-0.000309	0.999999	0.002141	-0.001576	-0.000616	-0.302273	0.411104	-0.118519	0.002141	0.001575	-0.999996	0.000000	0.000000	0.000000	0.000000	0.000000	0.000000	-1.000000	61839.017540		
2013092223000982200	CMGyro	2013-09-22 23:00:09.822	R	22A7CFE3-2413-41D2-80F8-C693F17141F9		0.045675	-0.063913	0.010144	61839.048799		
2013092223000982400	Event	Bluetooth	Default Test	2013-09-22 23:00:09.824	R	22A7CFE3-2413-41D2-80F8-C693F17141F9	Bluetooth is currently powered on and available to use.		
2013092223000982700	Location	2013-09-22 23:00:09.827	R	22A7CFE3-2413-41D2-80F8-C693F17141F9		44.965538	-93.243186	258.382351	10.000000	3.000000	0.790000	104.765625	20130922230009765		
2013092223000983000	CMDevMotMag	2013-09-22 23:00:09.829	R	22A7CFE3-2413-41D2-80F8-C693F17141F9		-133.025894	120.831192	-233.147049	0.000000	61839.063637		
2013092223000983800	CMDevMot	2013-09-22 23:00:09.838	R	22A7CFE3-2413-41D2-80F8-C693F17141F9		0.998243	0.003163	0.059165	0.001324	0.997135	-0.075638	-0.059235	0.075583	0.995379	0.037849	0.029634	-0.000460	0.998844	0.059440	0.075655	-0.003172	-0.066984	-0.047744	-0.011061	0.059235	-0.075583	-0.995379	0.020752	0.023016	-0.103697	0.000000	0.000000	0.000000	-1.000000	61839.048799		
2013092223000985400	CMGyro	2013-09-22 23:00:09.854	R	22A7CFE3-2413-41D2-80F8-C693F17141F9		0.091216	-0.117327	0.029503	61839.080057		
2013092223000987100	CMDevMotMag	2013-09-22 23:00:09.870	R	22A7CFE3-2413-41D2-80F8-C693F17141F9		-131.680511	122.842255	-232.490753	0.000000	61839.102589		
2013092223000987100	CMDevMot	2013-09-22 23:00:09.871	R	22A7CFE3-2413-41D2-80F8-C693F17141F9		0.998544	0.002715	0.053880	0.001349	0.997165	-0.075238	-0.053932	0.075201	0.995709	0.037650	0.026982	-0.000342	0.998927	0.054112	0.075272	-0.002722	-0.021442	-0.101158	0.008298	0.053932	-0.075201	-0.995709	-0.037575	0.010794	0.069394	0.000000	0.000000	0.000000	-1.000000	61839.080057		
2013092223000988800	CMGyro	2013-09-22 23:00:09.887	R	22A7CFE3-2413-41D2-80F8-C693F17141F9		-0.105194	0.116754	0.005556	61839.111316		
2013092223000990400	CMDevMot	2013-09-22 23:00:09.904	R	22A7CFE3-2413-41D2-80F8-C693F17141F9		0.998493	0.002594	0.054821	0.001327	0.997450	-0.071361	-0.054866	0.071326	0.995943	0.035708	0.027450	-0.000317	0.998985	0.055034	0.071387	-0.002600	-0.217851	0.132923	-0.015648	0.054866	-0.071326	-0.995943	-0.055141	0.010368	0.098757	0.000000	0.000000	0.000000	-1.000000	61839.111316		
2013092223000990700	CMDevMotMag	2013-09-22 23:00:09.906	R	22A7CFE3-2413-41D2-80F8-C693F17141F9		-131.007812	122.171906	-235.444061	0.000000	61839.141157		
2013092223000991700	CMGyro	2013-09-22 23:00:09.917	R	22A7CFE3-2413-41D2-80F8-C693F17141F9		-0.015862	0.123538	-0.037783	61839.142575		
2013092223000993300	CMDevMot	2013-09-22 23:00:09.933	R	22A7CFE3-2413-41D2-80F8-C693F17141F9		0.998177	0.002944	0.060283	0.000960	0.997908	-0.064639	-0.060348	0.064579	0.996086	0.032336	0.030187	-0.000496	0.999021	0.060511	0.064624	-0.002950	-0.128518	0.139707	-0.058988	0.060348	-0.064579	-0.996086	-0.059524	0.045841	-0.120949	0.000000	0.000000	0.000000	-1.000000	61839.142575		
2013092223000994600	CMDevMotMag	2013-09-22 23:00:09.946	R	22A7CFE3-2413-41D2-80F8-C693F17141F9		-132.353195	119.825668	-233.475189	0.000000	61839.180056		
2013092223000994700	CMGyro	2013-09-22 23:00:09.947	R	22A7CFE3-2413-41D2-80F8-C693F17141F9		0.400938	-0.043422	-0.130200	61839.173834		
2013092223000996300	CMDevMot	2013-09-22 23:00:09.963	R	22A7CFE3-2413-41D2-80F8-C693F17141F9		0.998073	0.006980	0.061662	-0.002788	0.997694	-0.067810	-0.061993	0.067507	0.995791	0.033865	0.030946	-0.002445	0.998944	0.062175	0.067559	-0.006996	0.288283	-0.027254	-0.151404	0.061993	-0.067507	-0.995791	-0.035000	0.045321	-0.146482	0.000000	0.000000	0.000000	-1.000000	61839.173834		
2013092223000997900	CMGyro	2013-09-22 23:00:09.979	R	22A7CFE3-2413-41D2-80F8-C693F17141F9		0.552889	-0.002772	-0.187235	61839.205092		
2013092223000998500	CMDevMotMag	2013-09-22 23:00:09.985	R	22A7CFE3-2413-41D2-80F8-C693F17141F9		-130.166931	119.658081	-233.639267	0.000000	61839.218915		
2013092223000999500	CMDevMot	2013-09-22 23:00:09.994	R	22A7CFE3-2413-41D2-80F8-C693F17141F9		0.998393	0.013292	0.055095	-0.009095	0.997087	-0.075729	-0.055941	0.075106	0.995605	0.037751	0.027790	-0.005603	0.998885	0.056129	0.075177	-0.013330	0.440145	0.013306	-0.208438	0.055941	-0.075106	-0.995605	-0.047533	0.024630	0.034576	0.000000	0.000000	0.000000	-1.000000	61839.205092		
2013092223001001100	CMGyro	2013-09-22 23:00:10.010	R	22A7CFE3-2413-41D2-80F8-C693F17141F9		0.226010	0.007864	-0.075212	61839.236351		
2013092223001002400	CMDevMotMag	2013-09-22 23:00:10.023	R	22A7CFE3-2413-41D2-80F8-C693F17141F9		-130.839630	118.317368	-232.982971	0.000000	61839.257732		
2013092223001002600	CMDevMot	2013-09-22 23:00:10.025	R	22A7CFE3-2413-41D2-80F8-C693F17141F9		0.998347	0.018332	0.054482	-0.013594	0.996194	-0.086100	-0.055853	0.085217	0.994796	0.042886	0.027620	-0.007992	0.998666	0.056086	0.085320	-0.018400	0.113317	0.023900	-0.096409	0.055853	-0.085217	-0.994796	-0.010473	-0.015247	0.052184	0.000000	0.000000	0.000000	-1.000000	61839.236351		
2013092223001004100	CMGyro	2013-09-22 23:00:10.041	R	22A7CFE3-2413-41D2-80F8-C693F17141F9		0.044161	-0.083052	0.016346	61839.267610		
2013092223001005700	CMDevMot	2013-09-22 23:00:10.057	R	22A7CFE3-2413-41D2-80F8-C693F17141F9		0.998496	0.019290	0.051327	-0.014796	0.996139	-0.086538	-0.052798	0.085648	0.994925	0.043103	0.026065	-0.008533	0.998694	0.053018	0.085753	-0.019362	-0.068505	-0.067063	-0.004846	0.052798	-0.085648	-0.994925	-0.016482	-0.010086	-0.001733	0.000000	0.000000	0.000000	-1.000000	61839.267610		
2013092223001006200	CMDevMotMag	2013-09-22 23:00:10.062	R	22A7CFE3-2413-41D2-80F8-C693F17141F9		-131.344162	118.149780	-232.818909	0.000000	61839.296566		
2013092223001007300	CMGyro	2013-09-22 23:00:10.073	R	22A7CFE3-2413-41D2-80F8-C693F17141F9		0.096737	-0.064717	0.066271	61839.298868		
2013092223001008900	CMDevMot	2013-09-22 23:00:10.089	R	22A7CFE3-2413-41D2-80F8-C693F17141F9		0.998586	0.018334	0.049902	-0.014031	0.996260	-0.085260	-0.051279	0.084440	0.995108	0.042478	0.025327	-0.008101	0.998743	0.051485	0.084540	-0.018401	-0.015929	-0.048727	0.045079	0.051279	-0.084440	-0.995108	-0.010614	0.005445	-0.037622	0.000000	0.000000	0.000000	-1.000000	61839.298868		
2013092223001010100	CMDevMotMag	2013-09-22 23:00:10.101	R	22A7CFE3-2413-41D2-80F8-C693F17141F9		-132.353195	118.820129	-232.162613	0.000000	61839.335503		
2013092223001010400	CMGyro	2013-09-22 23:00:10.103	R	22A7CFE3-2413-41D2-80F8-C693F17141F9		0.113697	-0.064831	0.006577	61839.330127		
2013092223001011900	CMDevMot	2013-09-22 23:00:10.119	R	22A7CFE3-2413-41D2-80F8-C693F17141F9		0.998796	0.017739	0.045738	-0.013868	0.996401	-0.083616	-0.047056	0.082882	0.995448	0.041673	0.023226	-0.007911	0.998830	0.047236	0.082977	-0.017801	0.000985	-0.048906	-0.014613	0.047056	-0.082882	-0.995448	-0.026564	0.005565	-0.010091	0.000000	0.000000	0.000000	-1.000000	61839.330127		
2013092223001013500	CMGyro	2013-09-22 23:00:10.135	R	22A7CFE3-2413-41D2-80F8-C693F17141F9		0.106352	-0.033048	0.025871	61839.361386		
2013092223001014000	CMDevMotMag	2013-09-22 23:00:10.140	R	22A7CFE3-2413-41D2-80F8-C693F17141F9		-129.998764	120.831192	-234.787781	0.000000	61839.374302		
2013092223001015300	CMDevMot	2013-09-22 23:00:10.152	R	22A7CFE3-2413-41D2-80F8-C693F17141F9		0.998907	0.017560	0.043327	-0.013893	0.996408	-0.083529	-0.044638	0.082836	0.995563	0.041639	0.022016	-0.007872	0.998859	0.044807	0.082931	-0.017622	-0.006357	-0.017182	0.004686	0.044638	-0.082836	-0.995563	-0.016913	0.009975	-0.002621	0.000000	0.000000	0.000000	-1.000000	61839.361386		
2013092223001016800	CMGyro	2013-09-22 23:00:10.167	R	22A7CFE3-2413-41D2-80F8-C693F17141F9		0.106630	-0.044487	0.059011	61839.392644		
2013092223001017900	CMDevMotMag	2013-09-22 23:00:10.179	R	22A7CFE3-2413-41D2-80F8-C693F17141F9		-129.830582	119.322906	-232.326691	0.000000	61839.413322		
2013092223001018300	CMDevMot	2013-09-22 23:00:10.182	R	22A7CFE3-2413-41D2-80F8-C693F17141F9		0.999030	0.016581	0.040791	-0.013144	0.996452	-0.083134	-0.042025	0.082518	0.995703	0.041459	0.020727	-0.007440	0.998898	0.042181	0.082612	-0.016639	-0.006081	-0.028685	0.037831	0.042025	-0.082518	-0.995703	-0.021013	0.005873	-0.011896	0.000000	0.000000	0.000000	-1.000000	61839.392644		
2013092223001019800	CMGyro	2013-09-22 23:00:10.198	R	22A7CFE3-2413-41D2-80F8-C693F17141F9		0.064719	-0.113646	0.041936	61839.423903		
2013092223001021400	CMDevMot	2013-09-22 23:00:10.213	R	22A7CFE3-2413-41D2-80F8-C693F17141F9		0.999268	0.015625	0.034927	-0.012742	0.996609	-0.081288	-0.036078	0.080784	0.996078	0.040559	0.017769	-0.007099	0.998994	0.036204	0.080872	-0.015677	-0.048033	-0.097981	0.020765	0.036078	-0.080784	-0.996078	-0.017768	0.003117	0.013641	0.000000	0.000000	0.000000	-1.000000	61839.423903		
2013092223001021800	CMDevMotMag	2013-09-22 23:00:10.218	R	22A7CFE3-2413-41D2-80F8-C693F17141F9		-132.353195	120.496017	-233.803345	0.000000	61839.452145		
2013092223001022900	CMGyro	2013-09-22 23:00:10.228	R	22A7CFE3-2413-41D2-80F8-C693F17141F9		0.108464	-0.084045	0.018599	61839.455162		
2013092223001025700	CMDevMotMag	2013-09-22 23:00:10.257	R	22A7CFE3-2413-41D2-80F8-C693F17141F9		-132.185028	120.663605	-232.982971	0.000000	61839.490946		
2013092223001026000	CMDevMot	2013-09-22 23:00:10.260	R	22A7CFE3-2413-41D2-80F8-C693F17141F9		0.999473	0.015117	0.028741	-0.012846	0.996899	-0.077642	-0.029826	0.077232	0.996567	0.038753	0.014655	-0.006997	0.999117	0.029920	0.077309	-0.015163	-0.004432	-0.068565	-0.002563	0.029826	-0.077232	-0.996567	-0.019389	0.018349	0.026917	0.000000	0.000000	0.000000	-1.000000	61839.455162		
2013092223001027600	CMGyro	2013-09-22 23:00:10.276	R	22A7CFE3-2413-41D2-80F8-C693F17141F9		0.029876	-0.003793	0.044072	61839.502050		
2013092223001029200	CMDevMot	2013-09-22 23:00:10.291	R	22A7CFE3-2413-41D2-80F8-C693F17141F9		0.999540	0.014611	0.026588	-0.012615	0.997199	-0.073724	-0.027591	0.073355	0.996924	0.036799	0.013556	-0.006812	0.999208	0.027669	0.073421	-0.014651	-0.083107	0.011586	0.022916	0.027591	-0.073355	-0.996924	-0.008060	0.016806	-0.004937	0.000000	0.000000	0.000000	-1.000000	61839.502050		
2013092223001029600	CMDevMotMag	2013-09-22 23:00:10.296	R	22A7CFE3-2413-41D2-80F8-C693F17141F9		-132.185028	121.333954	-232.654831	0.000000	61839.529735		
2013092223001030700	CMGyro	2013-09-22 23:00:10.307	R	22A7CFE3-2413-41D2-80F8-C693F17141F9		-0.000069	0.026003	0.060678	61839.533309		
2013092223001032400	CMDevMot	2013-09-22 23:00:10.323	R	22A7CFE3-2413-41D2-80F8-C693F17141F9		0.999593	0.013550	0.025097	-0.011783	0.997529	-0.069261	-0.025974	0.068938	0.997283	0.034574	0.012777	-0.006338	0.999300	0.026039	0.068992	-0.013583	-0.113138	0.041280	0.039526	0.025974	-0.068938	-0.997283	-0.012165	-0.007189	0.009246	0.000000	0.000000	0.000000	-1.000000	61839.533309		
2013092223001033500	CMDevMotMag	2013-09-22 23:00:10.334	R	22A7CFE3-2413-41D2-80F8-C693F17141F9		-130.839630	120.328430	-232.982971	0.000000	61839.568581		
2013092223001033800	CMGyro	2013-09-22 23:00:10.338	R	22A7CFE3-2413-41D2-80F8-C693F17141F9		0.172001	0.026238	0.043516	61839.564567		
2013092223001035400	CMDevMot	2013-09-22 23:00:10.354	R	22A7CFE3-2413-41D2-80F8-C693F17141F9		0.999572	0.012113	0.026631	-0.010260	0.997588	-0.068656	-0.027398	0.068353	0.997285	0.034276	0.013516	-0.005597	0.999305	0.027466	0.068406	-0.012142	0.058929	0.041487	0.022366	0.027398	-0.068353	-0.997285	-0.017510	0.032800	-0.078338	0.000000	0.000000	0.000000	-1.000000	61839.564567		
2013092223001037000	CMGyro	2013-09-22 23:00:10.369	R	22A7CFE3-2413-41D2-80F8-C693F17141F9		0.211498	0.005641	-0.018963	61839.595826		
2013092223001037300	CMDevMotMag	2013-09-22 23:00:10.373	R	22A7CFE3-2413-41D2-80F8-C693F17141F9		-132.689545	119.825668	-232.818909	0.000000	61839.607315		
2013092223001038600	CMDevMot	2013-09-22 23:00:10.385	R	22A7CFE3-2413-41D2-80F8-C693F17141F9		0.999571	0.012715	0.026400	-0.010823	0.997445	-0.070616	-0.027230	0.070300	0.997154	0.035255	0.013417	-0.005889	0.999271	0.027301	0.070358	-0.012747	0.098347	0.020781	-0.040108	0.027230	-0.070300	-0.997154	-0.010293	0.012622	-0.039482	0.000000	0.000000	0.000000	-1.000000	61839.595826		
2013092223001040100	CMGyro	2013-09-22 23:00:10.400	R	22A7CFE3-2413-41D2-80F8-C693F17141F9		0.208207	-0.061182	-0.006045	61839.627085		
2013092223001041200	CMDevMotMag	2013-09-22 23:00:10.412	R	22A7CFE3-2413-41D2-80F8-C693F17141F9		-131.175980	120.663605	-232.654831	0.000000	61839.646143		
2013092223001041700	CMDevMot	2013-09-22 23:00:10.417	R	22A7CFE3-2413-41D2-80F8-C693F17141F9		0.999599	0.013936	0.024657	-0.012103	0.997258	-0.073003	-0.025607	0.072675	0.997027	0.036447	0.012576	-0.006515	0.999235	0.025677	0.072739	-0.013973	0.095023	-0.046070	-0.027188	0.025607	-0.072675	-0.997027	-0.012515	-0.002047	0.008517	0.000000	0.000000	0.000000	-1.000000	61839.627085		
2013092223001043200	CMGyro	2013-09-22 23:00:10.432	R	22A7CFE3-2413-41D2-80F8-C693F17141F9		0.217614	-0.024866	0.012267	61839.658344		
2013092223001044800	CMDevMot	2013-09-22 23:00:10.448	R	22A7CFE3-2413-41D2-80F8-C693F17141F9		0.999602	0.014606	0.024150	-0.012716	0.996976	-0.076661	-0.025197	0.076324	0.996765	0.038278	0.012347	-0.006836	0.999167	0.025273	0.076398	-0.014650	0.104455	-0.009810	-0.008872	0.025197	-0.076324	-0.996765	-0.014241	-0.002457	0.032241	0.000000	0.000000	0.000000	-1.000000	61839.658344		
2013092223001045100	CMDevMotMag	2013-09-22 23:00:10.451	R	22A7CFE3-2413-41D2-80F8-C693F17141F9		-132.016861	119.155304	-231.834473	0.000000	61839.684943		
2013092223001046400	CMGyro	2013-09-22 23:00:10.463	R	22A7CFE3-2413-41D2-80F8-C693F17141F9		0.149885	-0.045989	0.044463	61839.689602		
2013092223001047800	CMDevMot	2013-09-22 23:00:10.478	R	22A7CFE3-2413-41D2-80F8-C693F17141F9		0.999661	0.014066	0.021919	-0.012298	0.996814	-0.078809	-0.022958	0.078513	0.996649	0.039364	0.011229	-0.006596	0.999140	0.023031	0.078593	-0.014110	0.036767	-0.031054	0.023333	0.022958	-0.078513	-0.996649	-0.027901	-0.004922	0.044500	0.000000	0.000000	0.000000	-1.000000	61839.689602		
2013092223001048900	CMDevMotMag	2013-09-22 23:00:10.489	R	22A7CFE3-2413-41D2-80F8-C693F17141F9		-132.185028	118.987717	-234.295563	0.000000	61839.723877		
2013092223001049400	CMGyro	2013-09-22 23:00:10.494	R	22A7CFE3-2413-41D2-80F8-C693F17141F9		0.182542	-0.005932	0.039570	61839.720861		
2013092223001051100	CMDevMot	2013-09-22 23:00:10.510	R	22A7CFE3-2413-41D2-80F8-C693F17141F9		0.999677	0.013387	0.021587	-0.011614	0.996707	-0.080254	-0.022590	0.079977	0.996541	0.040093	0.011054	-0.006256	0.999115	0.022665	0.080063	-0.013431	0.069425	0.009002	0.018440	0.022590	-0.079977	-0.996541	-0.034950	0.006186	0.022618	0.000000	0.000000	0.000000	-1.000000	61839.720861		
2013092223001052600	CMGyro	2013-09-22 23:00:10.526	R	22A7CFE3-2413-41D2-80F8-C693F17141F9		0.127138	-0.050577	-0.001692	61839.752120		
2013092223001052900	CMDevMotMag	2013-09-22 23:00:10.529	R	22A7CFE3-2413-41D2-80F8-C693F17141F9		-131.848679	120.328430	-232.982971	0.000000	61839.762744		
2013092223001054200	CMDevMot	2013-09-22 23:00:10.541	R	22A7CFE3-2413-41D2-80F8-C693F17141F9		0.999709	0.013505	0.019999	-0.011839	0.996630	-0.081165	-0.021027	0.080904	0.996500	0.040554	0.010266	-0.006342	0.999105	0.021098	0.080993	-0.013550	0.013984	-0.035794	-0.022812	0.021027	-0.080904	-0.996500	-0.033112	0.011995	0.027720	0.000000	0.000000	0.000000	-1.000000	61839.752120		
2013092223001055700	CMGyro	2013-09-22 23:00:10.557	R	22A7CFE3-2413-41D2-80F8-C693F17141F9		0.132800	-0.010819	0.024727	61839.783379		
2013092223001056800	CMDevMotMag	2013-09-22 23:00:10.568	R	22A7CFE3-2413-41D2-80F8-C693F17141F9		-132.185028	119.322906	-233.967407	0.000000	61839.801547		
2013092223001057300	CMDevMot	2013-09-22 23:00:10.572	R	22A7CFE3-2413-41D2-80F8-C693F17141F9		0.999737	0.014039	0.018111	-0.012529	0.996639	-0.080957	-0.019187	0.080709	0.996553	0.040452	0.009333	-0.006648	0.999116	0.019251	0.080796	-0.014085	0.019631	0.003836	0.003616	0.019187	-0.080709	-0.996553	-0.014945	-0.003215	-0.021391	0.000000	0.000000	0.000000	-1.000000	61839.783379		
2013092223001058800	CMGyro	2013-09-22 23:00:10.588	R	22A7CFE3-2413-41D2-80F8-C693F17141F9		0.183286	0.018315	0.017974	61839.814638		
2013092223001060400	CMDevMot	2013-09-22 23:00:10.604	R	22A7CFE3-2413-41D2-80F8-C693F17141F9		0.999733	0.014108	0.018304	-0.012558	0.996538	-0.082179	-0.019400	0.081927	0.996449	0.041064	0.009434	-0.006672	0.999090	0.019466	0.082019	-0.014156	0.069905	0.033194	-0.004295	0.019400	-0.081927	-0.996449	-0.015844	0.001620	-0.037456	0.000000	0.000000	0.000000	-1.000000	61839.814638		
2013092223001060600	CMDevMotMag	2013-09-22 23:00:10.606	R	22A7CFE3-2413-41D2-80F8-C693F17141F9		-132.016861	118.820129	-232.818909	0.000000	61839.840078		
2013092223001061900	CMGyro	2013-09-22 23:00:10.619	R	22A7CFE3-2413-41D2-80F8-C693F17141F9		0.227445	0.001207	0.009604	61839.845896		
2013092223001063600	CMDevMot	2013-09-22 23:00:10.635	R	22A7CFE3-2413-41D2-80F8-C693F17141F9		0.999717	0.014740	0.018668	-0.013096	0.996271	-0.085285	-0.019855	0.085016	0.996182	0.042617	0.009640	-0.006966	0.999021	0.019929	0.085119	-0.014794	0.114066	0.016081	-0.012665	0.019855	-0.085016	-0.996182	-0.003391	-0.006430	-0.056354	0.000000	0.000000	0.000000	-1.000000	61839.845896		
2013092223001064500	CMDevMotMag	2013-09-22 23:00:10.645	R	22A7CFE3-2413-41D2-80F8-C693F17141F9		-132.689545	118.149780	-232.162613	0.000000	61839.878910		
2013092223001065100	CMGyro	2013-09-22 23:00:10.651	R	22A7CFE3-2413-41D2-80F8-C693F17141F9		0.273124	-0.033324	-0.018417	61839.877155		
2013092223001066700	CMDevMot	2013-09-22 23:00:10.666	R	22A7CFE3-2413-41D2-80F8-C693F17141F9		0.999702	0.015547	0.018844	-0.013791	0.995848	-0.089981	-0.020165	0.089695	0.995765	0.044968	0.009763	-0.007343	0.998914	0.020248	0.089815	-0.015611	0.159749	-0.018450	-0.040685	0.020165	-0.089695	-0.995765	-0.000191	-0.006161	-0.035927	0.000000	0.000000	0.000000	-1.000000	61839.877155		
2013092223001068200	CMGyro	2013-09-22 23:00:10.682	R	22A7CFE3-2413-41D2-80F8-C693F17141F9		0.139263	-0.129381	0.058737	61839.908414		
2013092223001068400	CMDevMotMag	2013-09-22 23:00:10.683	R	22A7CFE3-2413-41D2-80F8-C693F17141F9		-131.848679	118.317368	-232.326691	0.000000	61839.917554		
2013092223001069800	CMDevMot	2013-09-22 23:00:10.698	R	22A7CFE3-2413-41D2-80F8-C693F17141F9		0.999736	0.015535	0.016903	-0.013900	0.995582	-0.092867	-0.018271	0.092608	0.995535	0.046422	0.008804	-0.007367	0.998856	0.018351	0.092740	-0.015603	0.025889	-0.114507	0.036469	0.018271	-0.092608	-0.995535	-0.003501	-0.029341	0.003500	0.000000	0.000000	0.000000	-1.000000	61839.908414		
2013092223001071300	CMGyro	2013-09-22 23:00:10.713	R	22A7CFE3-2413-41D2-80F8-C693F17141F9		0.112848	-0.148041	0.059816	61839.939673		
2013092223001072200	CMDevMotMag	2013-09-22 23:00:10.722	R	22A7CFE3-2413-41D2-80F8-C693F17141F9		-131.848679	118.652542	-232.654831	0.000000	61839.956400		
2013092223001072900	CMDevMot	2013-09-22 23:00:10.729	R	22A7CFE3-2413-41D2-80F8-C693F17141F9		0.999821	0.014544	0.012092	-0.013358	0.995583	-0.092934	-0.013390	0.092756	0.995599	0.046475	0.006378	-0.006983	0.998875	0.013449	0.092890	-0.014607	-0.000506	-0.133177	0.037549	0.013390	-0.092756	-0.995599	-0.004357	-0.023058	0.017419	0.000000	0.000000	0.000000	-1.000000	61839.939673		
2013092223001074500	CMGyro	2013-09-22 23:00:10.745	R	22A7CFE3-2413-41D2-80F8-C693F17141F9		0.180321	-0.095294	0.049386	61839.970932		
2013092223001076100	CMDevMot	2013-09-22 23:00:10.760	R	22A7CFE3-2413-41D2-80F8-C693F17141F9		0.999876	0.013154	0.008607	-0.012271	0.995333	-0.095720	-0.009826	0.095603	0.995371	0.047887	0.004614	-0.006364	0.998822	0.009871	0.095749	-0.013215	0.066993	-0.080435	0.027120	0.009826	-0.095603	-0.995371	-0.021331	-0.011575	0.088206	0.000000	0.000000	0.000000	-1.000000	61839.970932		
2013092223001076100	CMDevMotMag	2013-09-22 23:00:10.761	R	22A7CFE3-2413-41D2-80F8-C693F17141F9		-133.025894	116.809082	-232.818909	0.000000	61839.995221		
2013092223001077600	CMGyro	2013-09-22 23:00:10.776	R	22A7CFE3-2413-41D2-80F8-C693F17141F9		0.042610	-0.015046	0.006854	61840.002190		
2013092223001079300	CMDevMot	2013-09-22 23:00:10.791	R	22A7CFE3-2413-41D2-80F8-C693F17141F9		0.999888	0.013076	0.007212	-0.012318	0.995242	-0.096657	-0.008441	0.096557	0.995292	0.048361	0.003918	-0.006356	0.998802	0.008481	0.096708	-0.013138	-0.070677	-0.000198	-0.015410	0.008441	-0.096557	-0.995292	-0.009754	-0.024155	0.087012	0.000000	0.000000	0.000000	-1.000000	61840.002190		
2013092223001080000	CMDevMotMag	2013-09-22 23:00:10.800	R	22A7CFE3-2413-41D2-80F8-C693F17141F9		-130.671463	118.484955	-231.506317	0.000000	61840.034159		
2013092223001080700	CMGyro	2013-09-22 23:00:10.807	R	22A7CFE3-2413-41D2-80F8-C693F17141F9		0.060043	0.036316	0.092057	61840.033449		
2013092223001082300	CMDevMot	2013-09-22 23:00:10.823	R	22A7CFE3-2413-41D2-80F8-C693F17141F9		0.999892	0.012265	0.008155	-0.011441	0.995465	-0.094433	-0.009276	0.094330	0.995498	0.047245	0.004363	-0.005933	0.998856	0.009318	0.094470	-0.012321	-0.053244	0.051164	0.069793	0.009276	-0.094330	-0.995498	0.006959	-0.045395	0.040542	0.000000	0.000000	0.000000	-1.000000	61840.033449		
2013092223001083900	CMGyro	2013-09-22 23:00:10.839	R	22A7CFE3-2413-41D2-80F8-C693F17141F9		-0.070721	-0.028589	0.102841	61840.064708		
2013092223001083900	CMDevMotMag	2013-09-22 23:00:10.839	R	22A7CFE3-2413-41D2-80F8-C693F17141F9		-132.016861	117.479431	-231.178177	0.000000	61840.072669		
2013092223001085400	CMDevMot	2013-09-22 23:00:10.854	R	22A7CFE3-2413-41D2-80F8-C693F17141F9		0.999913	0.009962	0.008617	-0.009129	0.995729	-0.091875	-0.009495	0.091788	0.995733	0.045965	0.004533	-0.004778	0.998921	0.009536	0.091917	-0.010005	-0.183966	-0.013741	0.080577	0.009495	-0.091788	-0.995733	0.001781	-0.036981	0.025534	0.000000	0.000000	0.000000	-1.000000	61840.064708		
2013092223001087000	CMGyro	2013-09-22 23:00:10.869	R	22A7CFE3-2413-41D2-80F8-C693F17141F9		-0.062278	-0.030871	0.146534	61840.095967		
2013092223001087700	CMDevMotMag	2013-09-22 23:00:10.877	R	22A7CFE3-2413-41D2-80F8-C693F17141F9		-132.185028	120.663605	-233.311127	0.000000	61840.111533		
2013092223001088500	CMDevMot	2013-09-22 23:00:10.885	R	22A7CFE3-2413-41D2-80F8-C693F17141F9		0.999945	0.006483	0.008266	-0.005736	0.996153	-0.087441	-0.008801	0.087388	0.996135	0.043750	0.004271	-0.003058	0.999029	0.008835	0.087500	-0.006508	-0.175475	-0.016016	0.124270	0.008801	-0.087388	-0.996135	-0.003919	-0.034941	-0.007435	0.000000	0.000000	0.000000	-1.000000	61840.095967		
2013092223001090100	CMGyro	2013-09-22 23:00:10.901	R	22A7CFE3-2413-41D2-80F8-C693F17141F9		-0.038263	-0.061621	0.176887	61840.127226		
2013092223001091700	CMDevMotMag	2013-09-22 23:00:10.916	R	22A7CFE3-2413-41D2-80F8-C693F17141F9		-133.025894	120.496017	-234.131485	0.000000	61840.150407		
2013092223001091700	CMDevMot	2013-09-22 23:00:10.917	R	22A7CFE3-2413-41D2-80F8-C693F17141F9		0.999970	0.001714	0.007603	-0.001070	0.996477	-0.083854	-0.007720	0.083843	0.996449	0.041962	0.003834	-0.000697	0.999112	0.007748	0.083942	-0.001720	-0.151424	-0.046777	0.154625	0.007720	-0.083843	-0.996449	-0.013061	-0.034504	-0.016765	0.000000	0.000000	0.000000	-1.000000	61840.127226		
2013092223001093300	CMGyro	2013-09-22 23:00:10.933	R	22A7CFE3-2413-41D2-80F8-C693F17141F9		-0.095412	-0.150381	0.142277	61840.158484		
2013092223001094800	CMDevMot	2013-09-22 23:00:10.948	R	22A7CFE3-2413-41D2-80F8-C693F17141F9		0.999991	-0.002741	0.003343	0.002997	0.996854	-0.079199	-0.003116	0.079208	0.996853	0.039633	0.001616	0.001436	0.999212	0.003126	0.079291	0.002749	-0.208523	-0.135563	0.120017	0.003116	-0.079208	-0.996853	-0.019611	-0.040848	-0.002918	0.000000	0.000000	0.000000	-1.000000	61840.158484		
2013092223001095500	CMDevMotMag	2013-09-22 23:00:10.955	R	22A7CFE3-2413-41D2-80F8-C693F17141F9		-133.025894	120.831192	-232.162613	0.000000	61840.189230		
2013092223001096400	CMGyro	2013-09-22 23:00:10.963	R	22A7CFE3-2413-41D2-80F8-C693F17141F9		-0.105344	-0.189632	0.095785	61840.189743		
2013092223001097900	CMDevMot	2013-09-22 23:00:10.979	R	22A7CFE3-2413-41D2-80F8-C693F17141F9		0.999980	-0.005600	-0.002904	0.005368	0.997189	-0.074739	0.003315	0.074722	0.997199	0.037392	-0.001556	0.002744	0.999296	-0.003324	0.074792	0.005616	-0.218385	-0.174851	0.073530	-0.003315	-0.074722	-0.997199	-0.027477	-0.052155	0.017920	0.000000	0.000000	0.000000	-1.000000	61840.189743		
2013092223001099500	CMDevMotMag	2013-09-22 23:00:10.995	R	22A7CFE3-2413-41D2-80F8-C693F17141F9		-134.707642	119.825668	-234.459625	0.000000	61840.228079		
2013092223001099500	CMGyro	2013-09-22 23:00:10.995	R	22A7CFE3-2413-41D2-80F8-C693F17141F9		-0.124198	-0.081928	0.077056	61840.221002		
2013092223001101100	CMDevMot	2013-09-22 23:00:11.010	R	22A7CFE3-2413-41D2-80F8-C693F17141F9		0.999951	-0.007231	-0.006827	0.006756	0.997714	-0.067239	0.007298	0.067189	0.997714	0.033626	-0.003533	0.003499	0.999422	-0.007314	0.067240	0.007247	-0.237238	-0.067148	0.054801	-0.007298	-0.067189	-0.997714	-0.015896	-0.068980	0.021456	0.000000	0.000000	0.000000	-1.000000	61840.221002		
2013092223001102600	CMGyro	2013-09-22 23:00:11.026	R	22A7CFE3-2413-41D2-80F8-C693F17141F9		0.118908	0.100749	0.096561	61840.252261		
2013092223001103300	CMDevMotMag	2013-09-22 23:00:11.033	R	22A7CFE3-2413-41D2-80F8-C693F17141F9		-131.344162	120.831192	-234.787781	0.000000	61840.266938		
2013092223001104200	CMDevMot	2013-09-22 23:00:11.041	R	22A7CFE3-2413-41D2-80F8-C693F17141F9		0.999940	-0.009322	-0.005786	0.008918	0.997758	-0.066322	0.006391	0.066266	0.997782	0.033166	-0.003046	0.004562	0.999435	-0.006405	0.066315	0.009342	0.005961	0.115516	0.074309	-0.006391	-0.066266	-0.997782	0.005094	-0.065432	-0.023596	0.000000	0.000000	0.000000	-1.000000	61840.252261		
2013092223001105800	CMGyro	2013-09-22 23:00:11.058	R	22A7CFE3-2413-41D2-80F8-C693F17141F9		0.166298	0.071489	0.097873	61840.283520		
2013092223001107200	CMDevMotMag	2013-09-22 23:00:11.071	R	22A7CFE3-2413-41D2-80F8-C693F17141F9		-131.680511	120.496017	-234.459625	0.000000	61840.305752		
2013092223001107300	CMDevMot	2013-09-22 23:00:11.073	R	22A7CFE3-2413-41D2-80F8-C693F17141F9		0.999931	-0.011631	-0.001471	0.011485	0.997029	-0.076170	0.002353	0.076148	0.997094	0.038108	-0.000957	0.005783	0.999256	-0.002360	0.076222	0.011665	0.053670	0.086283	0.075619	-0.002353	-0.076148	-0.997094	0.007724	-0.063607	0.009774	0.000000	0.000000	0.000000	-1.000000	61840.283520		
2013092223001108900	CMGyro	2013-09-22 23:00:11.088	R	22A7CFE3-2413-41D2-80F8-C693F17141F9		0.073324	0.098795	0.107606	61840.314779		
2013092223001110400	CMDevMot	2013-09-22 23:00:11.104	R	22A7CFE3-2413-41D2-80F8-C693F17141F9		0.999894	-0.014510	0.001102	0.014551	0.996683	-0.080074	0.000064	0.080082	0.996788	0.040072	0.000260	0.007271	0.999170	-0.000064	0.080167	0.014557	-0.039146	0.113594	0.085353	-0.000064	-0.080082	-0.996788	-0.009961	-0.050686	0.042137	0.000000	0.000000	0.000000	-1.000000	61840.314779		
2013092223001111000	CMDevMotMag	2013-09-22 23:00:11.110	R	22A7CFE3-2413-41D2-80F8-C693F17141F9		-131.848679	122.004318	-233.311127	0.000000	61840.344577		
2013092223001112000	CMGyro	2013-09-22 23:00:11.120	R	22A7CFE3-2413-41D2-80F8-C693F17141F9		0.136771	0.197090	0.083347	61840.346037		
2013092223001113500	CMDevMot	2013-09-22 23:00:11.135	R	22A7CFE3-2413-41D2-80F8-C693F17141F9		0.999839	-0.016783	0.006286	0.017239	0.996540	-0.081306	-0.004900	0.081401	0.996669	0.040712	0.002799	0.008513	0.999131	0.004916	0.081492	0.016840	0.024371	0.211873	0.061096	0.004900	-0.081401	-0.996669	-0.016100	-0.053975	0.000530	0.000000	0.000000	0.000000	-1.000000	61840.346037		
2013092223001115000	CMDevMotMag	2013-09-22 23:00:11.149	R	22A7CFE3-2413-41D2-80F8-C693F17141F9		-132.185028	120.998779	-233.639267	0.000000	61840.383401		
2013092223001115100	CMGyro	2013-09-22 23:00:11.151	R	22A7CFE3-2413-41D2-80F8-C693F17141F9		0.171173	0.169199	0.031500	61840.377296		
2013092223001116700	CMDevMot	2013-09-22 23:00:11.166	R	22A7CFE3-2413-41D2-80F8-C693F17141F9		0.999777	-0.017785	0.011344	0.018700	0.996086	-0.086391	-0.009763	0.086584	0.996197	0.043287	0.005282	0.009130	0.999007	0.009800	0.086692	0.017853	0.058926	0.183934	0.009256	0.009763	-0.086584	-0.996197	-0.022733	-0.056132	0.021694	0.000000	0.000000	0.000000	-1.000000	61840.377296		
2013092223001118200	CMGyro	2013-09-22 23:00:11.182	R	22A7CFE3-2413-41D2-80F8-C693F17141F9		0.217816	0.156863	0.020732	61840.408555		
2013092223001118800	CMDevMotMag	2013-09-22 23:00:11.188	R	22A7CFE3-2413-41D2-80F8-C693F17141F9		-132.353195	120.831192	-233.475189	0.000000	61840.422220		
2013092223001119800	CMDevMot	2013-09-22 23:00:11.198	R	22A7CFE3-2413-41D2-80F8-C693F17141F9		0.999728	-0.017687	0.015228	0.019012	0.995593	-0.091834	-0.013536	0.092099	0.995658	0.046035	0.007199	0.009185	0.998872	0.013595	0.092230	0.017763	0.105737	0.171522	-0.001502	0.013536	-0.092099	-0.995658	-0.010118	-0.075794	-0.045266	0.000000	0.000000	0.000000	-1.000000	61840.408555		
2013092223001121400	CMGyro	2013-09-22 23:00:11.214	R	22A7CFE3-2413-41D2-80F8-C693F17141F9		0.177176	0.045401	0.033846	61840.439814		
2013092223001122800	CMDevMotMag	2013-09-22 23:00:11.227	R	22A7CFE3-2413-41D2-80F8-C693F17141F9		-130.839630	120.663605	-233.311127	0.000000	61840.461055		
2013092223001122900	CMDevMot	2013-09-22 23:00:11.229	R	22A7CFE3-2413-41D2-80F8-C693F17141F9		0.999676	-0.018047	0.017933	0.019729	0.994937	-0.098549	-0.016063	0.098871	0.994971	0.049419	0.008510	0.009456	0.998697	0.016143	0.099033	0.018137	0.065211	0.060024	0.011617	0.016063	-0.098871	-0.994971	-0.030040	-0.081290	0.032522	0.000000	0.000000	0.000000	-1.000000	61840.439814		
2013092223001124500	CMGyro	2013-09-22 23:00:11.244	R	22A7CFE3-2413-41D2-80F8-C693F17141F9		0.050434	0.018697	0.088691	61840.471073		
2013092223001126100	CMDevMot	2013-09-22 23:00:11.260	R	22A7CFE3-2413-41D2-80F8-C693F17141F9		0.999648	-0.019487	0.018001	0.021190	0.994773	-0.099885	-0.015961	0.100231	0.994836	0.050096	0.008502	0.010183	0.998656	0.016042	0.100400	0.019586	-0.061427	0.033298	0.066464	0.015961	-0.100231	-0.994836	-0.018387	-0.074695	0.017831	0.000000	0.000000	0.000000	-1.000000	61840.471073		
2013092223001126600	CMDevMotMag	2013-09-22 23:00:11.265	R	22A7CFE3-2413-41D2-80F8-C693F17141F9		-132.353195	121.836731	-234.459625	0.000000	61840.499878		
2013092223001127600	CMGyro	2013-09-22 23:00:11.276	R	22A7CFE3-2413-41D2-80F8-C693F17141F9		0.029565	0.159788	0.066971	61840.502332		
2013092223001129200	CMDevMot	2013-09-22 23:00:11.292	R	22A7CFE3-2413-41D2-80F8-C693F17141F9		0.999520	-0.021649	0.022151	0.023713	0.994945	-0.097579	-0.019927	0.098057	0.994981	0.048974	0.010533	0.011356	0.998680	0.020024	0.098215	0.021756	-0.082295	0.174389	0.044745	0.019927	-0.098057	-0.994981	-0.037337	-0.060253	-0.050627	0.000000	0.000000	0.000000	-1.000000	61840.502332		
2013092223001130500	CMDevMotMag	2013-09-22 23:00:11.304	R	22A7CFE3-2413-41D2-80F8-C693F17141F9		-131.175980	121.333954	-234.295563	0.000000	61840.538703		
2013092223001130700	CMGyro	2013-09-22 23:00:11.307	R	22A7CFE3-2413-41D2-80F8-C693F17141F9		0.118597	0.011891	0.028785	61840.533590		
2013092223001132300	CMDevMot	2013-09-22 23:00:11.322	R	22A7CFE3-2413-41D2-80F8-C693F17141F9		0.999451	-0.022447	0.024365	0.024726	0.994912	-0.097670	-0.022049	0.098218	0.994921	0.049038	0.011619	0.011809	0.998660	0.022158	0.098377	0.022558	0.006804	0.026450	0.006565	0.022049	-0.098218	-0.994921	-0.032226	-0.051135	-0.124052	0.000000	0.000000	0.000000	-1.000000	61840.533590		
2013092223001133900	CMGyro	2013-09-22 23:00:11.338	R	22A7CFE3-2413-41D2-80F8-C693F17141F9		0.227744	-0.025660	-0.012248	61840.564849		
2013092223001134300	CMDevMotMag	2013-09-22 23:00:11.343	R	22A7CFE3-2413-41D2-80F8-C693F17141F9		-130.671463	119.825668	-233.803345	0.000000	61840.577518		
2013092223001135400	CMDevMot	2013-09-22 23:00:11.354	R	22A7CFE3-2413-41D2-80F8-C693F17141F9		0.999482	-0.021676	0.023803	0.023958	0.994680	-0.100192	-0.021505	0.100710	0.994683	0.050296	0.011343	0.011425	0.998605	0.021617	0.100881	0.021789	0.115952	-0.011101	-0.034468	0.021505	-0.100710	-0.994683	-0.016027	-0.047743	-0.023993	0.000000	0.000000	0.000000	-1.000000	61840.564849		
2013092223001137000	CMGyro	2013-09-22 23:00:11.370	R	22A7CFE3-2413-41D2-80F8-C693F17141F9		0.227179	-0.002566	0.019075	61840.596108		
2013092223001138200	CMDevMotMag	2013-09-22 23:00:11.382	R	22A7CFE3-2413-41D2-80F8-C693F17141F9		-131.512329	120.328430	-232.326691	0.000000	61840.616315		
2013092223001138600	CMDevMot	2013-09-22 23:00:11.385	R	22A7CFE3-2413-41D2-80F8-C693F17141F9		0.999489	-0.021016	0.024094	0.023428	0.994232	-0.104657	-0.021756	0.105168	0.994216	0.052536	0.011480	0.011128	0.998491	0.021879	0.105363	0.021134	0.115449	0.011978	-0.003143	0.021756	-0.105168	-0.994216	-0.004727	-0.030025	-0.056733	0.000000	0.000000	0.000000	-1.000000	61840.596108		
2013092223001140100	CMGyro	2013-09-22 23:00:11.401	R	22A7CFE3-2413-41D2-80F8-C693F17141F9		0.277819	-0.009865	-0.007006	61840.627367		
2013092223001141700	CMDevMot	2013-09-22 23:00:11.416	R	22A7CFE3-2413-41D2-80F8-C693F17141F9		0.999506	-0.020653	0.023676	0.023121	0.993749	-0.109220	-0.021273	0.109713	0.993736	0.054822	0.011255	0.010961	0.998373	0.021403	0.109935	0.020779	0.166086	0.004652	-0.029220	0.021273	-0.109713	-0.993736	-0.019838	0.012072	-0.027901	0.000000	0.000000	0.000000	-1.000000	61840.627367		
2013092223001142100	CMDevMotMag	2013-09-22 23:00:11.421	R	22A7CFE3-2413-41D2-80F8-C693F17141F9		-130.335114	119.825668	-233.475189	0.000000	61840.655137		
2013092223001143200	CMGyro	2013-09-22 23:00:11.432	R	22A7CFE3-2413-41D2-80F8-C693F17141F9		0.250188	0.088141	-0.011591	61840.658626		
2013092223001144800	CMDevMot	2013-09-22 23:00:11.448	R	22A7CFE3-2413-41D2-80F8-C693F17141F9		0.999477	-0.019305	0.025952	0.022125	0.993328	-0.113183	-0.023594	0.113698	0.993235	0.056820	0.012408	0.010376	0.998253	0.023751	0.113945	0.019432	0.138407	0.102666	-0.033806	0.023594	-0.113698	-0.993235	0.008190	0.039006	-0.023885	0.000000	0.000000	0.000000	-1.000000	61840.658626		
2013092223001146000	CMDevMotMag	2013-09-22 23:00:11.460	R	22A7CFE3-2413-41D2-80F8-C693F17141F9		-129.830582	119.993256	-232.982971	0.000000	61840.693980		
2013092223001146400	CMGyro	2013-09-22 23:00:11.464	R	22A7CFE3-2413-41D2-80F8-C693F17141F9		0.113694	0.070598	-0.041745	61840.689885		
2013092223001147900	CMDevMot	2013-09-22 23:00:11.479	R	22A7CFE3-2413-41D2-80F8-C693F17141F9		0.999415	-0.017683	0.029278	0.020881	0.993397	-0.112815	-0.027089	0.113360	0.993185	0.056643	0.014116	0.009658	0.998248	0.027268	0.113605	0.017798	0.001816	0.085147	-0.063963	0.027089	-0.113360	-0.993185	0.019084	0.057803	-0.069270	0.000000	0.000000	0.000000	-1.000000	61840.689885		
2013092223001149500	CMGyro	2013-09-22 23:00:11.495	R	22A7CFE3-2413-41D2-80F8-C693F17141F9		0.161066	0.026099	0.003355	61840.721144		
2013092223001149900	CMDevMotMag	2013-09-22 23:00:11.499	R	22A7CFE3-2413-41D2-80F8-C693F17141F9		-131.344162	119.155304	-234.787781	0.000000	61840.732791		
2013092223001151100	CMDevMot	2013-09-22 23:00:11.511	R	22A7CFE3-2413-41D2-80F8-C693F17141F9		0.999373	-0.016195	0.031469	0.019660	0.993385	-0.113137	-0.029429	0.113685	0.993081	0.056806	0.015252	0.008980	0.998228	0.029625	0.113932	0.016301	0.049188	0.040648	-0.018863	0.029429	-0.113685	-0.993081	0.034597	0.064125	-0.118278	0.000000	0.000000	0.000000	-1.000000	61840.721144		
2013092223001152600	CMGyro	2013-09-22 23:00:11.526	R	22A7CFE3-2413-41D2-80F8-C693F17141F9		0.196998	-0.132227	-0.011996	61840.752403		
2013092223001153700	CMDevMotMag	2013-09-22 23:00:11.537	R	22A7CFE3-2413-41D2-80F8-C693F17141F9		-129.830582	119.993256	-232.326691	0.000000	61840.771619		
2013092223001154200	CMDevMot	2013-09-22 23:00:11.541	R	22A7CFE3-2413-41D2-80F8-C693F17141F9		0.999408	-0.015247	0.030843	0.018647	0.993405	-0.113129	-0.028915	0.113637	0.993102	0.056791	0.014966	0.008489	0.998238	0.029107	0.113883	0.015347	0.084992	-0.117642	-0.034219	0.028915	-0.113637	-0.993102	0.020890	0.076024	-0.073717	0.000000	0.000000	0.000000	-1.000000	61840.752403		
2013092223001155700	CMGyro	2013-09-22 23:00:11.557	R	22A7CFE3-2413-41D2-80F8-C693F17141F9		0.212511	-0.179623	-0.029696	61840.783661		
2013092223001157300	CMDevMot	2013-09-22 23:00:11.573	R	22A7CFE3-2413-41D2-80F8-C693F17141F9		0.999562	-0.013721	0.026213	0.016617	0.993379	-0.113678	-0.024479	0.114064	0.993172	0.057035	0.012695	0.007598	0.998263	0.024643	0.114313	0.013812	0.100381	-0.165015	-0.051923	0.024479	-0.114064	-0.993172	0.015453	0.069997	0.018944	0.000000	0.000000	0.000000	-1.000000	61840.783661		
2013092223001157600	CMDevMotMag	2013-09-22 23:00:11.576	R	22A7CFE3-2413-41D2-80F8-C693F17141F9		-131.175980	119.322906	-233.311127	0.000000	61840.810507		
2013092223001158900	CMGyro	2013-09-22 23:00:11.589	R	22A7CFE3-2413-41D2-80F8-C693F17141F9		0.203243	-0.022470	-0.032701	61840.814920		
2013092223001160500	CMDevMot	2013-09-22 23:00:11.604	R	22A7CFE3-2413-41D2-80F8-C693F17141F9		0.999642	-0.011787	0.024032	0.014472	0.993285	-0.114785	-0.022517	0.115091	0.993100	0.057570	0.011658	0.006576	0.998252	0.022670	0.115347	0.011866	0.090713	-0.007025	-0.054595	0.022517	-0.115091	-0.993100	0.018971	0.057505	0.047436	0.000000	0.000000	0.000000	-1.000000	61840.814920		
2013092223001161600	CMDevMotMag	2013-09-22 23:00:11.615	R	22A7CFE3-2413-41D2-80F8-C693F17141F9		-130.166931	119.658081	-233.639267	0.000000	61840.849322		
2013092223001162000	CMGyro	2013-09-22 23:00:11.620	R	22A7CFE3-2413-41D2-80F8-C693F17141F9		0.288758	0.019655	-0.005009	61840.846179		
2013092223001163600	CMDevMot	2013-09-22 23:00:11.635	R	22A7CFE3-2413-41D2-80F8-C693F17141F9		0.999613	-0.010540	0.025745	0.013533	0.992802	-0.118999	-0.024306	0.119301	0.992561	0.059687	0.012536	0.006029	0.998120	0.024483	0.119586	0.010616	0.176228	0.035100	-0.026903	0.024306	-0.119301	-0.992561	0.025346	0.062172	-0.017525	0.000000	0.000000	0.000000	-1.000000	61840.846179		
2013092223001165100	CMGyro	2013-09-22 23:00:11.651	R	22A7CFE3-2413-41D2-80F8-C693F17141F9		0.327503	-0.108724	0.021479	61840.877438		
2013092223001165400	CMDevMotMag	2013-09-22 23:00:11.654	R	22A7CFE3-2413-41D2-80F8-C693F17141F9		-131.344162	119.825668	-233.475189	0.000000	61840.888115		
2013092223001166700	CMDevMot	2013-09-22 23:00:11.667	R	22A7CFE3-2413-41D2-80F8-C693F17141F9		0.999621	-0.009962	0.025650	0.013053	0.992281	-0.123322	-0.024223	0.123611	0.992035	0.061858	0.012493	0.005765	0.997990	0.024413	0.123928	0.010039	0.214914	-0.093258	-0.000418	0.024223	-0.123611	-0.992035	0.019478	0.053176	-0.000274	0.000000	0.000000	0.000000	-1.000000	61840.877438		
2013092223001168200	CMGyro	2013-09-22 23:00:11.682	R	22A7CFE3-2413-41D2-80F8-C693F17141F9		0.331032	-0.268909	0.111467	61840.908697		
2013092223001169300	CMDevMotMag	2013-09-22 23:00:11.693	R	22A7CFE3-2413-41D2-80F8-C693F17141F9		-132.016861	119.155304	-232.490753	0.000000	61840.926887		
2013092223001169900	CMDevMot	2013-09-22 23:00:11.698	R	22A7CFE3-2413-41D2-80F8-C693F17141F9		0.999724	-0.011266	0.020638	0.013827	0.991610	-0.128523	-0.019017	0.128772	0.991492	0.064462	0.009935	0.006287	0.997851	0.019178	0.129131	0.011360	0.218396	-0.253417	0.089567	0.019017	-0.128772	-0.991492	0.029689	0.048969	0.021872	0.000000	0.000000	0.000000	-1.000000	61840.908697		
2013092223001171400	CMGyro	2013-09-22 23:00:11.714	R	22A7CFE3-2413-41D2-80F8-C693F17141F9		0.296172	-0.328599	0.199000	61840.939956		
