2013092723085308500	Event	Test Begin	Default Test	2013-09-27 23:08:53.072	R	22A7CFE3-2413-41D2-80F8-C693F17141F9	ApioTest version 1.07		
2013092723085308600	Config	Local Default		DevMotRate	32.0	MagnetometerRate	32.0	LocDistanceFilter	20	AccelerometerRate	32.0	GyroRate	32.0		
2013092723085308600	Customer	22A7CFE3-2413-41D2-80F8-C693F17141F9	Kayla	Washenberger	6517697331			
2013092723085308600	Vehicle	Liberty Sport	Jeep	2002				
2013092723085308600	Event	Text	Default Test	2013-09-27 23:08:53.071	R	22A7CFE3-2413-41D2-80F8-C693F17141F9	Driver		
2013092723085312300	CMGyro	2013-09-27 23:08:53.123	R	22A7CFE3-2413-41D2-80F8-C693F17141F9		-0.012528	-0.114561	0.080664	74891.988167		
2013092723085316100	CMDevMot	2013-09-27 23:08:53.153	R	22A7CFE3-2413-41D2-80F8-C693F17141F9		0.999999	-0.000096	-0.001159	0.000097	1.000000	0.000808	0.001159	-0.000808	0.999999	-0.000404	-0.000580	0.000048	1.000000	-0.001159	-0.000808	0.000096	-0.155062	-0.222465	0.018535	-0.001159	0.000808	-0.999999	0.000000	0.000000	0.000000	0.000000	0.000000	0.000000	-1.000000	74892.003799		
2013092723085316100	CMGyro	2013-09-27 23:08:53.161	R	22A7CFE3-2413-41D2-80F8-C693F17141F9		-0.044523	-0.222565	-0.014335	74892.019430		
2013092723085316200	Event	Bluetooth	Default Test	2013-09-27 23:08:53.162	R	22A7CFE3-2413-41D2-80F8-C693F17141F9	Bluetooth is currently powered on and available to use.		
2013092723085316700	Location	2013-09-27 23:08:53.167	R	22A7CFE3-2413-41D2-80F8-C693F17141F9		44.834093	-92.934834	278.586525	5.000000	3.000000	0.250000	138.867188	20130927230853100		
2013092723085318700	CMDevMotMag	2013-09-27 23:08:53.186	R	22A7CFE3-2413-41D2-80F8-C693F17141F9		-146.984375	133.400314	-213.950562	0.000000	74892.045273		
2013092723085318700	CMDevMot	2013-09-27 23:08:53.187	R	22A7CFE3-2413-41D2-80F8-C693F17141F9		0.998745	0.010664	0.048931	0.005212	0.949624	-0.313349	-0.049808	0.313211	0.948377	0.158702	0.025010	-0.001381	0.987009	0.052471	0.318572	-0.011230	-0.182236	-0.141976	-0.108028	0.049808	-0.313211	-0.948377	0.004041	-0.007560	-0.036426	0.000000	0.000000	0.000000	-1.000000	74892.035062		
2013092723085318700	CMGyro	2013-09-27 23:08:53.187	R	22A7CFE3-2413-41D2-80F8-C693F17141F9		-0.064358	-0.091178	-0.081725	74892.050694		
2013092723085320900	CMDevMotMag	2013-09-27 23:08:53.208	R	22A7CFE3-2413-41D2-80F8-C693F17141F9		-147.488892	131.556854	-214.442780	0.000000	74892.083943		
2013092723085321500	CMDevMot	2013-09-27 23:08:53.214	R	22A7CFE3-2413-41D2-80F8-C693F17141F9		0.998813	0.013905	0.046678	0.001150	0.951376	-0.308028	-0.048692	0.307716	0.950231	0.155889	0.024145	-0.003229	0.987474	0.051197	0.312792	-0.014615	-0.173939	-0.033726	-0.115736	0.048692	-0.307716	-0.950231	0.003478	-0.003609	-0.043528	0.000000	0.000000	0.000000	-1.000000	74892.066325		
2013092723085321600	CMGyro	2013-09-27 23:08:53.215	R	22A7CFE3-2413-41D2-80F8-C693F17141F9		-0.078263	-0.036356	-0.078246	74892.081957		
2013092723085324800	CMDevMot	2013-09-27 23:08:53.248	R	22A7CFE3-2413-41D2-80F8-C693F17141F9		0.998827	0.017677	0.045086	-0.003268	0.953482	-0.301433	-0.048318	0.300932	0.952421	0.152417	0.023634	-0.005300	0.988019	0.050688	0.305670	-0.018538	-0.294798	-0.129229	-0.179497	0.048318	-0.300932	-0.952421	-0.001641	-0.025759	-0.030749	0.000000	0.000000	0.000000	-1.000000	74892.097589		
2013092723085325000	CMGyro	2013-09-27 23:08:53.248	R	22A7CFE3-2413-41D2-80F8-C693F17141F9		-0.360973	-0.348906	-0.327717	74892.113221		
2013092723085325000	CMDevMotMag	2013-09-27 23:08:53.250	R	22A7CFE3-2413-41D2-80F8-C693F17141F9		-147.657059	131.724442	-215.263138	0.000000	74892.122810		
2013092723085327700	CMDevMot	2013-09-27 23:08:53.277	R	22A7CFE3-2413-41D2-80F8-C693F17141F9		0.999014	0.029843	0.032867	-0.019092	0.957199	-0.288801	-0.040079	0.287889	0.956825	0.145766	0.018438	-0.012369	0.989070	0.041863	0.292022	-0.031167	-0.749354	-0.625032	-0.630743	0.040079	-0.287889	-0.956825	0.014700	-0.069914	-0.050606	0.000000	0.000000	0.000000	-1.000000	74892.128852		
2013092723085327700	CMGyro	2013-09-27 23:08:53.277	R	22A7CFE3-2413-41D2-80F8-C693F17141F9		-0.958536	-0.910024	-0.902439	74892.144484		
2013092723085328600	CMDevMotMag	2013-09-27 23:08:53.286	R	22A7CFE3-2413-41D2-80F8-C693F17141F9		-146.816193	133.567917	-214.114639	0.000000	74892.161771		
2013092723085330800	CMDevMot	2013-09-27 23:08:53.308	R	22A7CFE3-2413-41D2-80F8-C693F17141F9		0.998293	0.057891	0.007696	-0.054062	0.965919	-0.253136	-0.022088	0.252287	0.967400	0.127450	0.007511	-0.028230	0.991415	0.022829	0.255043	-0.059861	-1.494889	-0.876040	-0.990090	0.022088	-0.252287	-0.967400	0.034995	-0.059511	-0.041557	0.000000	0.000000	0.000000	-1.000000	74892.160116		
2013092723085330800	CMGyro	2013-09-27 23:08:53.308	R	22A7CFE3-2413-41D2-80F8-C693F17141F9		-1.706824	-0.664362	-0.922750	74892.175747		
2013092723085332400	CMDevMotMag	2013-09-27 23:08:53.324	R	22A7CFE3-2413-41D2-80F8-C693F17141F9		-146.648026	136.752090	-217.888306	0.000000	74892.200229		
2013092723085334100	CMDevMot	2013-09-27 23:08:53.340	R	22A7CFE3-2413-41D2-80F8-C693F17141F9		0.996073	0.088286	-0.006607	-0.087852	0.976423	-0.197180	-0.010958	0.196987	0.980345	0.099128	0.001094	-0.044296	0.994088	0.011177	0.198283	-0.090173	-1.857161	-0.348560	-0.998573	0.010958	-0.196987	-0.980345	-0.053819	-0.001332	-0.158083	0.000000	0.000000	0.000000	-1.000000	74892.191379		
2013092723085334100	CMGyro	2013-09-27 23:08:53.341	R	22A7CFE3-2413-41D2-80F8-C693F17141F9		-1.497329	-0.258906	-1.007801	74892.207011		
2013092723085336300	CMDevMotMag	2013-09-27 23:08:53.362	R	22A7CFE3-2413-41D2-80F8-C693F17141F9		-144.798096	135.243790	-218.708664	0.000000	74892.238690		
2013092723085337100	CMDevMot	2013-09-27 23:08:53.371	R	22A7CFE3-2413-41D2-80F8-C693F17141F9		0.992565	0.121245	-0.010685	-0.121473	0.981233	-0.149751	-0.007672	0.149936	0.988666	0.075276	-0.000757	-0.060966	0.995297	0.007760	0.150503	-0.122940	-1.172100	-0.343718	-1.080281	0.007672	-0.149936	-0.988666	-0.012646	0.025455	-0.203290	0.000000	0.000000	0.000000	-1.000000	74892.222642		
2013092723085337100	CMGyro	2013-09-27 23:08:53.371	R	22A7CFE3-2413-41D2-80F8-C693F17141F9		-0.650532	-0.425326	-1.087266	74892.238274		
2013092723085340200	CMDevMotMag	2013-09-27 23:08:53.402	R	22A7CFE3-2413-41D2-80F8-C693F17141F9		-144.125412	134.238266	-216.739792	0.000000	74892.277119		
2013092723085340300	CMDevMot	2013-09-27 23:08:53.403	R	22A7CFE3-2413-41D2-80F8-C693F17141F9		0.987418	0.156538	-0.022378	-0.158118	0.979106	-0.127870	0.001894	0.129799	0.991538	0.064758	-0.006100	-0.079079	0.994744	-0.001910	0.130167	-0.158536	-0.188826	-0.603495	-1.168740	-0.001894	-0.129799	-0.991538	0.054766	0.039193	-0.248986	0.000000	0.000000	0.000000	-1.000000	74892.253906		
2013092723085340600	CMGyro	2013-09-27 23:08:53.405	R	22A7CFE3-2413-41D2-80F8-C693F17141F9		0.238695	-0.570719	-1.285189	74892.269538		
2013092723085343300	CMDevMot	2013-09-27 23:08:53.433	R	22A7CFE3-2413-41D2-80F8-C693F17141F9		0.979908	0.195940	-0.037247	-0.199190	0.970929	-0.132740	0.010155	0.137492	0.990451	0.068059	-0.011939	-0.099516	0.992634	-0.010253	0.137929	-0.199132	0.620841	-0.238085	-1.292570	-0.010155	-0.137492	-0.990451	0.036614	-0.060933	-0.106183	0.000000	0.000000	0.000000	-1.000000	74892.285169		
2013092723085343400	CMGyro	2013-09-27 23:08:53.433	R	22A7CFE3-2413-41D2-80F8-C693F17141F9		0.973199	-0.400375	-1.088022	74892.300801		
2013092723085344000	CMDevMotMag	2013-09-27 23:08:53.440	R	22A7CFE3-2413-41D2-80F8-C693F17141F9		-143.789062	131.556854	-214.770935	0.000000	74892.315626		
2013092723085346600	CMDevMot	2013-09-27 23:08:53.465	R	22A7CFE3-2413-41D2-80F8-C693F17141F9		0.973663	0.222764	-0.048545	-0.227645	0.961630	-0.153117	0.012573	0.160135	0.987015	0.079085	-0.015430	-0.113712	0.990241	-0.012738	0.160827	-0.227637	0.408619	0.252875	-0.288914	-0.012573	-0.160135	-0.987015	0.168015	-0.081747	0.121887	0.000000	0.000000	0.000000	-1.000000	74892.316433		
2013092723085346600	CMGyro	2013-09-27 23:08:53.466	R	22A7CFE3-2413-41D2-80F8-C693F17141F9		-0.075272	1.156465	0.713947	74892.332065		
2013092723085348000	CMDevMotMag	2013-09-27 23:08:53.479	R	22A7CFE3-2413-41D2-80F8-C693F17141F9		-143.789062	135.243790	-217.067947	0.000000	74892.354075		
2013092723085349600	CMDevMot	2013-09-27 23:08:53.495	R	22A7CFE3-2413-41D2-80F8-C693F17141F9		0.979128	0.202490	-0.017500	-0.202752	0.967136	-0.153425	-0.014142	0.153771	0.988005	0.077438	-0.000847	-0.102153	0.991750	0.014313	0.154383	-0.206389	-0.485121	0.816035	1.019727	0.014142	-0.153771	-0.988005	0.119678	-0.121452	-0.040391	0.000000	0.000000	0.000000	-1.000000	74892.347696		
2013092723085349600	CMGyro	2013-09-27 23:08:53.496	R	22A7CFE3-2413-41D2-80F8-C693F17141F9		-0.476657	0.181982	1.224819	74892.363328		
2013092723085351700	CMDevMotMag	2013-09-27 23:08:53.517	R	22A7CFE3-2413-41D2-80F8-C693F17141F9		-146.816193	136.249329	-217.396088	0.000000	74892.392600		
2013092723085352600	CMDevMot	2013-09-27 23:08:53.526	R	22A7CFE3-2413-41D2-80F8-C693F17141F9		0.985964	0.166593	-0.011015	-0.166507	0.976325	-0.138073	-0.012247	0.137969	0.990361	0.069422	0.000310	-0.083772	0.994064	0.012366	0.138410	-0.169005	-0.431441	-0.304011	1.198519	0.012247	-0.137969	-0.990361	-0.043620	-0.097993	-0.033702	0.000000	0.000000	0.000000	-1.000000	74892.378960		
2013092723085352600	CMGyro	2013-09-27 23:08:53.526	R	22A7CFE3-2413-41D2-80F8-C693F17141F9		-0.030197	-0.617591	1.007955	74892.394591		
2013092723085355600	CMDevMotMag	2013-09-27 23:08:53.556	R	22A7CFE3-2413-41D2-80F8-C693F17141F9		-145.134445	133.903091	-215.099075	0.000000	74892.431557		
2013092723085355900	CMDevMot	2013-09-27 23:08:53.558	R	22A7CFE3-2413-41D2-80F8-C693F17141F9		0.990009	0.138649	-0.025668	-0.140854	0.980832	-0.134644	0.006508	0.136915	0.990561	0.068220	-0.008083	-0.070215	0.995164	-0.006570	0.137346	-0.140428	0.383559	-0.276333	0.590514	-0.006508	-0.136915	-0.990561	-0.237526	-0.013171	0.003135	0.000000	0.000000	0.000000	-1.000000	74892.410223		
2013092723085356000	CMGyro	2013-09-27 23:08:53.560	R	22A7CFE3-2413-41D2-80F8-C693F17141F9		1.255563	0.433544	-0.006004	74892.425855		
2013092723085359000	CMDevMot	2013-09-27 23:08:53.589	R	22A7CFE3-2413-41D2-80F8-C693F17141F9		0.989490	0.143337	-0.019092	-0.144456	0.973898	-0.175089	-0.006503	0.176007	0.984367	0.088353	-0.003168	-0.072423	0.993448	0.006607	0.176928	-0.146129	1.903644	0.496600	-0.794383	0.006503	-0.176007	-0.984367	-0.066821	0.194653	-0.073189	0.000000	0.000000	0.000000	-1.000000	74892.441486		
2013092723085359000	CMGyro	2013-09-27 23:08:53.590	R	22A7CFE3-2413-41D2-80F8-C693F17141F9		2.244958	-0.321058	-1.055580	74892.467538		
2013092723085359500	CMDevMotMag	2013-09-27 23:08:53.595	R	22A7CFE3-2413-41D2-80F8-C693F17141F9		-143.620880	130.048553	-213.950562	0.000000	74892.470423		
2013092723085362100	CMDevMot	2013-09-27 23:08:53.621	R	22A7CFE3-2413-41D2-80F8-C693F17141F9		0.984978	0.168882	-0.036010	-0.172604	0.956771	-0.234088	-0.005080	0.236787	0.971548	0.119016	-0.007818	-0.086312	0.989103	0.005228	0.239058	-0.174713	1.760850	-0.673258	-0.545010	0.005080	-0.236787	-0.971548	0.178697	-0.166350	0.009939	-20.442350	-36.477295	-40.931240	1.000000	74892.483170		
2013092723085362200	CMGyro	2013-09-27 23:08:53.622	R	22A7CFE3-2413-41D2-80F8-C693F17141F9		1.646117	-0.859148	-0.307744	74892.498802		
2013092723085363400	CMDevMotMag	2013-09-27 23:08:53.633	R	22A7CFE3-2413-41D2-80F8-C693F17141F9		-145.470795	128.205078	-211.817627	0.000000	74892.509249		
2013092723085365200	CMDevMot	2013-09-27 23:08:53.652	R	22A7CFE3-2413-41D2-80F8-C693F17141F9		0.981476	0.176567	-0.074360	-0.190333	0.942939	-0.273202	0.021878	0.282294	0.959078	0.140942	-0.024418	-0.093091	0.985329	-0.022808	0.286185	-0.185108	1.343276	-1.290307	-0.217291	-0.021878	-0.282294	-0.959078	0.112866	-0.134179	-0.019666	-20.343695	-37.850727	-39.715309	1.000000	74892.514434		
2013092723085365300	CMGyro	2013-09-27 23:08:53.652	R	22A7CFE3-2413-41D2-80F8-C693F17141F9		1.272685	-1.368503	-0.040052	74892.530065		
2013092723085367200	CMDevMotMag	2013-09-27 23:08:53.672	R	22A7CFE3-2413-41D2-80F8-C693F17141F9		-146.648026	126.696793	-207.387665	0.000000	74892.548085		
2013092723085368300	CMDevMot	2013-09-27 23:08:53.683	R	22A7CFE3-2413-41D2-80F8-C693F17141F9		0.977238	0.174245	-0.121014	-0.203212	0.932641	-0.298138	0.060913	0.315944	0.946821	0.156347	-0.046319	-0.096101	0.981924	-0.064246	0.321451	-0.184700	1.000636	-1.262717	0.105844	-0.060913	-0.315944	-0.946821	0.084031	-0.100179	-0.116503	-21.120163	-39.878166	-37.249428	1.000000	74892.545697		
2013092723085368400	CMGyro	2013-09-27 23:08:53.684	R	22A7CFE3-2413-41D2-80F8-C693F17141F9		1.169829	-1.055445	0.280676	74892.561329		
2013092723085371100	CMDevMotMag	2013-09-27 23:08:53.711	R	22A7CFE3-2413-41D2-80F8-C693F17141F9		-147.320724	124.350555	-205.746933	0.000000	74892.586965		
2013092723085371400	Heading	2013-09-27 23:08:53.713	R	22A7CFE3-2413-41D2-80F8-C693F17141F9		145.317047	145.493896	25.000000	-23.188538	-40.050400	-34.575989	20130927230853711		
2013092723085371500	CMDevMot	2013-09-27 23:08:53.714	R	22A7CFE3-2413-41D2-80F8-C693F17141F9		0.974245	0.162374	-0.156462	-0.205838	0.923719	-0.323069	0.092069	0.346954	0.933352	0.171154	-0.063486	-0.094058	0.978687	-0.098325	0.354322	-0.174005	1.165458	-0.702254	0.245388	-0.092069	-0.346954	-0.933352	-0.043124	-0.067261	-0.078718	-23.308990	-41.649887	-33.850067	1.000000	74892.576960		
2013092723085371500	CMGyro	2013-09-27 23:08:53.715	R	22A7CFE3-2413-41D2-80F8-C693F17141F9		1.396301	-0.464158	0.007901	74892.592592		
2013092723085374600	CMDevMot	2013-09-27 23:08:53.745	R	22A7CFE3-2413-41D2-80F8-C693F17141F9		0.971502	0.158725	-0.176037	-0.213351	0.909141	-0.357692	0.103268	0.385057	0.917097	0.190568	-0.071662	-0.095464	0.974390	-0.112131	0.395269	-0.172846	1.434713	-0.288255	-0.425656	-0.103268	-0.385057	-0.917097	-0.112125	0.071687	-0.069597	-24.226406	-42.738255	-31.786348	1.000000	74892.608224		
2013092723085374700	CMGyro	2013-09-27 23:08:53.746	R	22A7CFE3-2413-41D2-80F8-C693F17141F9		1.774200	-0.287623	-0.804045	74892.623856		
2013092723085375000	CMDevMotMag	2013-09-27 23:08:53.750	R	22A7CFE3-2413-41D2-80F8-C693F17141F9		-148.161591	121.166367	-201.973267	0.000000	74892.625800		
2013092723085377800	CMDevMot	2013-09-27 23:08:53.777	R	22A7CFE3-2413-41D2-80F8-C693F17141F9		0.965313	0.174670	-0.194065	-0.240769	0.883034	-0.402841	0.101002	0.435592	0.894459	0.216691	-0.076259	-0.107369	0.967317	-0.112443	0.450696	-0.195286	1.883893	-0.367098	-1.028345	-0.101002	-0.435592	-0.894459	0.037068	0.045486	-0.107677	-23.845791	-44.528793	-29.536655	1.000000	74892.639488		
2013092723085377800	CMGyro	2013-09-27 23:08:53.778	R	22A7CFE3-2413-41D2-80F8-C693F17141F9		2.254164	0.005270	-0.924934	74892.655119		
2013092723085379000	CMDevMotMag	2013-09-27 23:08:53.789	R	22A7CFE3-2413-41D2-80F8-C693F17141F9		-145.638977	117.311844	-199.184036	0.000000	74892.664717		
2013092723085380800	CMDevMot	2013-09-27 23:08:53.808	R	22A7CFE3-2413-41D2-80F8-C693F17141F9		0.960274	0.190394	-0.204020	-0.265727	0.847144	-0.460149	0.085225	0.496082	0.864083	0.249523	-0.075477	-0.119022	0.958058	-0.098313	0.519081	-0.221074	2.111695	0.385507	-0.908890	-0.085225	-0.496082	-0.864083	0.179067	-0.043789	0.105034	-23.289568	-45.701775	-28.156580	1.000000	74892.670751		
2013092723085380900	CMGyro	2013-09-27 23:08:53.809	R	22A7CFE3-2413-41D2-80F8-C693F17141F9		2.192668	0.483395	-0.675904	74892.686383		
2013092723085381600	Heading	2013-09-27 23:08:53.815	R	22A7CFE3-2413-41D2-80F8-C693F17141F9		146.624542	146.801392	25.000000	-23.793961	-46.184128	-27.127075	20130927230853814		
2013092723085382800	CMDevMotMag	2013-09-27 23:08:53.827	R	22A7CFE3-2413-41D2-80F8-C693F17141F9		-142.443665	116.809082	-197.707382	0.000000	74892.703695		
2013092723085384000	CMDevMot	2013-09-27 23:08:53.839	R	22A7CFE3-2413-41D2-80F8-C693F17141F9		0.958409	0.201253	-0.202358	-0.278839	0.811437	-0.513634	0.060830	0.548696	0.833806	0.279807	-0.069321	-0.126451	0.949164	-0.072825	0.580804	-0.243115	1.491070	0.340859	-0.844215	-0.060830	-0.548696	-0.833806	0.041619	0.009359	0.190053	-21.830902	-48.124718	-25.125137	1.000000	74892.702015		
2013092723085384000	CMGyro	2013-09-27 23:08:53.840	R	22A7CFE3-2413-41D2-80F8-C693F17141F9		1.166721	-0.071115	-0.889715	74892.717646		
2013092723085386700	CMDevMotMag	2013-09-27 23:08:53.867	R	22A7CFE3-2413-41D2-80F8-C693F17141F9		-142.611832	114.630432	-194.918152	0.000000	74892.742241		
2013092723085387100	CMDevMot	2013-09-27 23:08:53.870	R	22A7CFE3-2413-41D2-80F8-C693F17141F9		0.952768	0.221422	-0.207859	-0.300553	0.785718	-0.540662	0.043604	0.577598	0.815156	0.296603	-0.066697	-0.138447	0.942555	-0.053441	0.615783	-0.274685	0.913528	0.174125	-0.878925	-0.043604	-0.577598	-0.815156	0.097437	-0.019952	0.148683	-19.593737	-50.744556	-21.562122	1.000000	74892.733278		
2013092723085387100	CMGyro	2013-09-27 23:08:53.871	R	22A7CFE3-2413-41D2-80F8-C693F17141F9		0.905604	0.549452	-0.712414	74892.748910		
2013092723085387100	Heading	2013-09-27 23:08:53.871	R	22A7CFE3-2413-41D2-80F8-C693F17141F9		148.010178	148.187027	25.000000	-21.843124	-49.904587	-23.320618	20130927230853867		
2013092723085389500	Heading	2013-09-27 23:08:53.894	R	22A7CFE3-2413-41D2-80F8-C693F17141F9		149.534927	149.711777	25.000000	-20.144577	-51.295563	-22.024445	20130927230853892		
2013092723085390200	CMDevMot	2013-09-27 23:08:53.902	R	22A7CFE3-2413-41D2-80F8-C693F17141F9		0.950926	0.238482	-0.197143	-0.308975	0.765925	-0.563820	0.016536	0.597064	0.802023	0.309426	-0.056955	-0.145921	0.937933	-0.020615	0.639836	-0.301850	0.569794	0.581096	-0.666180	-0.016536	-0.597064	-0.802023	0.043697	-0.026669	0.075735	-18.085243	-51.824059	-20.274130	1.000000	74892.764542		
2013092723085390300	CMGyro	2013-09-27 23:08:53.902	R	22A7CFE3-2413-41D2-80F8-C693F17141F9		0.748189	0.661159	-0.766425	74892.780173		
2013092723085390700	CMDevMotMag	2013-09-27 23:08:53.907	R	22A7CFE3-2413-41D2-80F8-C693F17141F9		-139.248352	112.284195	-194.590012	0.000000	74892.781052		
2013092723085392000	Heading	2013-09-27 23:08:53.920	R	22A7CFE3-2413-41D2-80F8-C693F17141F9		150.584137	150.760986	25.000000	-18.681458	-52.451927	-20.892349	20130927230853918		
2013092723085393300	CMDevMot	2013-09-27 23:08:53.933	R	22A7CFE3-2413-41D2-80F8-C693F17141F9		0.947760	0.259696	-0.185226	-0.318695	0.746230	-0.584443	-0.013556	0.612943	0.790011	0.320749	-0.045986	-0.154936	0.933274	0.017158	0.659779	-0.334901	0.727445	0.448647	-1.017508	0.013556	-0.612943	-0.790011	0.016336	-0.021258	-0.030545	-16.527592	-52.596497	-19.603477	1.000000	74892.795805		
2013092723085393400	CMGyro	2013-09-27 23:08:53.933	R	22A7CFE3-2413-41D2-80F8-C693F17141F9		0.902840	0.194366	-1.212870	74892.811437		
2013092723085394600	CMDevMotMag	2013-09-27 23:08:53.946	R	22A7CFE3-2413-41D2-80F8-C693F17141F9		-136.725739	110.105545	-194.097794	0.000000	74892.819853		
2013092723085394700	Heading	2013-09-27 23:08:53.947	R	22A7CFE3-2413-41D2-80F8-C693F17141F9		152.123688	152.300537	25.000000	-17.184723	-53.574768	-20.022766	20130927230853946		
2013092723085396500	CMDevMot	2013-09-27 23:08:53.965	R	22A7CFE3-2413-41D2-80F8-C693F17141F9		0.937969	0.291622	-0.187540	-0.344225	0.718465	-0.604416	-0.041520	0.631479	0.774281	0.333625	-0.039417	-0.171645	0.926109	0.053573	0.683459	-0.385579	0.864789	-0.075914	-1.313838	0.041520	-0.631479	-0.774281	0.027968	-0.013693	-0.181789	-15.591626	-53.039665	-19.171455	1.000000	74892.827068		
2013092723085396600	CMGyro	2013-09-27 23:08:53.966	R	22A7CFE3-2413-41D2-80F8-C693F17141F9		1.206542	-0.306456	-1.188196	74892.842700		
2013092723085397200	Heading	2013-09-27 23:08:53.971	R	22A7CFE3-2413-41D2-80F8-C693F17141F9		153.306091	153.482941	25.000000	-15.822495	-54.865196	-18.989105	20130927230853970		
2013092723085398500	CMDevMotMag	2013-09-27 23:08:53.983	R	22A7CFE3-2413-41D2-80F8-C693F17141F9		-134.707642	107.759308	-190.816345	0.000000	74892.858653		
2013092723085399600	CMDevMot	2013-09-27 23:08:53.996	R	22A7CFE3-2413-41D2-80F8-C693F17141F9		0.924242	0.319757	-0.208643	-0.377396	0.682268	-0.626165	-0.057871	0.657469	0.751256	0.350257	-0.041140	-0.190227	0.916210	0.076880	0.717455	-0.438270	1.501649	-0.472813	-1.153648	0.057871	-0.657469	-0.751256	-0.018778	-0.044511	-0.400020	-13.422557	-54.067375	-17.899807	1.000000	74892.858332		
2013092723085399700	CMGyro	2013-09-27 23:08:53.997	R	22A7CFE3-2413-41D2-80F8-C693F17141F9		1.967294	-0.537881	-1.282010	74892.873964		
2013092723085399800	Heading	2013-09-27 23:08:53.997	R	22A7CFE3-2413-41D2-80F8-C693F17141F9		155.341873	155.518723	25.000000	-13.821228	-56.323212	-17.988266	20130927230853996		
2013092723085402300	CMDevMotMag	2013-09-27 23:08:54.022	R	22A7CFE3-2413-41D2-80F8-C693F17141F9		-130.503281	107.926895	-186.386383	0.000000	74892.897618		
2013092723085402400	Heading	2013-09-27 23:08:54.024	R	22A7CFE3-2413-41D2-80F8-C693F17141F9		157.465866	157.642715	25.000000	-12.122665	-57.546600	-16.396759	20130927230854022		
2013092723085402800	CMDevMot	2013-09-27 23:08:54.027	R	22A7CFE3-2413-41D2-80F8-C693F17141F9		0.906365	0.345281	-0.243483	-0.415923	0.627932	-0.657807	-0.074238	0.697483	0.712745	0.376061	-0.046961	-0.211216	0.900977	0.103783	0.771879	-0.502744	2.081071	-0.742401	-1.497891	0.074238	-0.697483	-0.712745	-0.104603	0.030583	-0.315804	-10.564489	-55.780945	-14.167816	1.000000	74892.889596		
2013092723085402800	CMGyro	2013-09-27 23:08:54.028	R	22A7CFE3-2413-41D2-80F8-C693F17141F9		2.326673	-0.780024	-1.538647	74892.905227		
2013092723085405200	Heading	2013-09-27 23:08:54.052	R	22A7CFE3-2413-41D2-80F8-C693F17141F9		159.889633	160.066483	25.000000	-10.087753	-58.904060	-14.017700	20130927230854048		
2013092723085405900	CMDevMot	2013-09-27 23:08:54.058	R	22A7CFE3-2413-41D2-80F8-C693F17141F9		0.881078	0.371488	-0.292742	-0.464097	0.559715	-0.686537	-0.091188	0.740753	0.665559	0.404909	-0.057179	-0.237048	0.881242	0.136162	0.834191	-0.585953	2.191444	-1.155171	-1.723781	0.091188	-0.740753	-0.665559	-0.104967	0.136429	-0.070983	-8.181149	-57.014965	-10.305916	1.000000	74892.920859		
2013092723085406000	CMGyro	2013-09-27 23:08:54.059	R	22A7CFE3-2413-41D2-80F8-C693F17141F9		2.149780	-1.389486	-1.980908	74892.936491		
2013092723085406100	CMDevMotMag	2013-09-27 23:08:54.061	R	22A7CFE3-2413-41D2-80F8-C693F17141F9		-125.458054	104.575119	-180.151627	0.000000	74892.936500		
2013092723085407600	Heading	2013-09-27 23:08:54.075	R	22A7CFE3-2413-41D2-80F8-C693F17141F9		162.805344	162.982193	25.000000	-7.817398	-60.194489	-11.376129	20130927230854074		
2013092723085409000	CMDevMot	2013-09-27 23:08:54.089	R	22A7CFE3-2413-41D2-80F8-C693F17141F9		0.842916	0.407165	-0.351723	-0.525473	0.482483	-0.700777	-0.115632	0.775517	0.620647	0.430054	-0.068775	-0.271684	0.858202	0.184196	0.887534	-0.700939	2.070289	-1.054443	-2.433203	0.115632	-0.775517	-0.620647	-0.098053	0.110768	-0.050953	-5.267425	-57.946423	-6.189978	1.000000	74892.952123		
2013092723085409000	CMGyro	2013-09-27 23:08:54.090	R	22A7CFE3-2413-41D2-80F8-C693F17141F9		2.333240	-1.018085	-2.765488	74892.967755		
2013092723085410000	CMDevMotMag	2013-09-27 23:08:54.100	R	22A7CFE3-2413-41D2-80F8-C693F17141F9		-119.235611	103.066833	-175.721664	0.000000	74892.975325		
2013092723085410200	Heading	2013-09-27 23:08:54.101	R	22A7CFE3-2413-41D2-80F8-C693F17141F9		166.655563	166.832413	25.000000	-4.874359	-61.317329	-8.373596	20130927230854100		
2013092723085412000	CMDevMot	2013-09-27 23:08:54.120	R	22A7CFE3-2413-41D2-80F8-C693F17141F9		0.793565	0.452325	-0.407010	-0.585104	0.383597	-0.714498	-0.167057	0.805143	0.569066	0.458504	-0.072398	-0.313011	0.828587	0.285541	0.935917	-0.867432	2.452809	-0.857492	-2.989074	0.167057	-0.805143	-0.569066	0.044643	0.175612	0.029912	-3.287691	-58.266392	-4.250637	1.000000	74892.983386		
2013092723085412100	CMGyro	2013-09-27 23:08:54.121	R	22A7CFE3-2413-41D2-80F8-C693F17141F9		2.705775	-0.590802	-2.977610	74892.999018		
2013092723085412700	Heading	2013-09-27 23:08:54.126	R	22A7CFE3-2413-41D2-80F8-C693F17141F9		171.252777	171.429626	25.000000	-1.342690	-62.188789	-4.928085	20130927230854125		
2013092723085413900	CMDevMotMag	2013-09-27 23:08:54.139	R	22A7CFE3-2413-41D2-80F8-C693F17141F9		-111.835938	104.742706	-169.815063	0.000000	74893.014128		
2013092723085415300	CMDevMot	2013-09-27 23:08:54.152	R	22A7CFE3-2413-41D2-80F8-C693F17141F9		0.741258	0.489153	-0.459637	-0.629314	0.268297	-0.729370	-0.233455	0.829907	0.506708	0.491491	-0.071294	-0.352545	0.793137	0.431740	0.978942	-1.069112	2.616503	-0.561191	-2.947067	0.233455	-0.829907	-0.506708	0.202428	0.237393	0.125604	4.549298	-58.294983	2.201807	1.000000	74893.014650		
2013092723085415300	CMGyro	2013-09-27 23:08:54.153	R	22A7CFE3-2413-41D2-80F8-C693F17141F9		2.759576	-0.421575	-2.923346	74893.030282		
2013092723085415400	Heading	2013-09-27 23:08:54.153	R	22A7CFE3-2413-41D2-80F8-C693F17141F9		176.006866	176.183716	25.000000	2.676666	-62.875916	-1.663040	20130927230854152		
2013092723085417800	CMDevMotMag	2013-09-27 23:08:54.178	R	22A7CFE3-2413-41D2-80F8-C693F17141F9		-105.781662	105.077896	-163.908447	0.000000	74893.052685		
2013092723085417800	Heading	2013-09-27 23:08:54.178	R	22A7CFE3-2413-41D2-80F8-C693F17141F9		181.001175	181.178024	25.000000	7.082832	-63.043503	1.716858	20130927230854178		
2013092723085418400	CMDevMot	2013-09-27 23:08:54.183	R	22A7CFE3-2413-41D2-80F8-C693F17141F9		0.688056	0.515594	-0.510628	-0.658455	0.147856	-0.737954	-0.304985	0.843980	0.441228	0.524159	-0.068138	-0.389010	0.754510	0.604808	1.004660	-1.291522	2.624937	-0.392885	-3.035830	0.304985	-0.843980	-0.441228	0.090111	0.325181	0.106069	9.963334	-57.253304	6.829369	1.000000	74893.045913		
2013092723085418400	CMGyro	2013-09-27 23:08:54.184	R	22A7CFE3-2413-41D2-80F8-C693F17141F9		2.676330	-0.463106	-3.140347	74893.061545		
2013092723085420700	Heading	2013-09-27 23:08:54.207	R	22A7CFE3-2413-41D2-80F8-C693F17141F9		186.417511	186.594360	25.000000	11.943077	-62.792122	5.244400	20130927230854206		
2013092723085421600	CMDevMot	2013-09-27 23:08:54.216	R	22A7CFE3-2413-41D2-80F8-C693F17141F9		0.627136	0.539482	-0.561835	-0.677564	0.022061	-0.735133	-0.384197	0.841708	0.379369	0.553558	-0.062361	-0.427250	0.712139	0.791720	1.000439	-1.529926	2.435549	-0.492240	-3.416993	0.384197	-0.841708	-0.379369	0.084233	0.465609	0.110158	15.469284	-55.295883	11.265680	1.000000	74893.077177		
2013092723085421600	CMGyro	2013-09-27 23:08:54.216	R	22A7CFE3-2413-41D2-80F8-C693F17141F9		2.377309	-0.319575	-3.678252	74893.092809		
2013092723085421700	CMDevMotMag	2013-09-27 23:08:54.216	R	22A7CFE3-2413-41D2-80F8-C693F17141F9		-97.541122	109.267593	-161.775513	0.000000	74893.091483		
2013092723085423100	Heading	2013-09-27 23:08:54.230	R	22A7CFE3-2413-41D2-80F8-C693F17141F9		191.723343	191.900192	25.000000	16.921028	-61.652527	8.525848	20130927230854229		
2013092723085424600	CMDevMot	2013-09-27 23:08:54.245	R	22A7CFE3-2413-41D2-80F8-C693F17141F9		0.557537	0.566901	-0.606445	-0.679558	-0.107925	-0.725640	-0.476817	0.816686	0.325070	0.578876	-0.048653	-0.467829	0.666086	0.972424	0.955644	-1.758922	2.142876	-0.240773	-3.786232	0.476817	-0.816686	-0.325070	0.328481	0.479909	0.092633	18.408669	-53.938019	13.253687	1.000000	74893.108440		
2013092723085424600	CMGyro	2013-09-27 23:08:54.246	R	22A7CFE3-2413-41D2-80F8-C693F17141F9		2.359480	-0.082053	-3.546440	74893.124072		
2013092723085425400	CMDevMotMag	2013-09-27 23:08:54.254	R	22A7CFE3-2413-41D2-80F8-C693F17141F9		-88.964233	114.127655	-156.361115	0.000000	74893.130370		
2013092723085425700	Heading	2013-09-27 23:08:54.256	R	22A7CFE3-2413-41D2-80F8-C693F17141F9		197.813263	197.990112	25.000000	21.730812	-59.708504	11.840118	20130927230854254		
2013092723085427700	CMDevMot	2013-09-27 23:08:54.277	R	22A7CFE3-2413-41D2-80F8-C693F17141F9		0.494743	0.581550	-0.645778	-0.659928	-0.232085	-0.714585	-0.565442	0.779703	0.268958	0.603711	-0.032457	-0.501572	0.618793	1.126809	0.894191	-1.950509	2.221005	0.357645	-3.208988	0.565442	-0.779703	-0.268958	0.382556	0.408350	0.218864	24.589653	-50.393856	16.722965	1.000000	74893.139704		
2013092723085427800	CMGyro	2013-09-27 23:08:54.278	R	22A7CFE3-2413-41D2-80F8-C693F17141F9		2.194340	0.536997	-2.666636	74893.155336		
2013092723085428200	Heading	2013-09-27 23:08:54.282	R	22A7CFE3-2413-41D2-80F8-C693F17141F9		204.226318	204.403168	25.000000	26.456512	-57.345520	15.105164	20130927230854280		
2013092723085429300	CMDevMotMag	2013-09-27 23:08:54.293	R	22A7CFE3-2413-41D2-80F8-C693F17141F9		-86.105255	117.982193	-151.931152	0.000000	74893.169322		
2013092723085431000	CMDevMot	2013-09-27 23:08:54.309	R	22A7CFE3-2413-41D2-80F8-C693F17141F9		0.457587	0.577799	-0.675842	-0.626285	-0.330108	-0.706254	-0.631174	0.746443	0.210814	0.627870	-0.019306	-0.520417	0.578423	1.248444	0.842700	-2.089861	1.929352	0.401272	-2.140898	0.631174	-0.746443	-0.210814	0.415380	0.407957	0.173567	31.765415	-44.010475	21.860600	1.000000	74893.170968		
2013092723085431100	CMGyro	2013-09-27 23:08:54.310	R	22A7CFE3-2413-41D2-80F8-C693F17141F9		1.957097	0.481546	-1.617020	74893.186599		
2013092723085431100	Heading	2013-09-27 23:08:54.311	R	22A7CFE3-2413-41D2-80F8-C693F17141F9		209.877136	210.053986	25.000000	30.728134	-54.462997	18.058472	20130927230854307		
2013092723085433300	CMDevMotMag	2013-09-27 23:08:54.332	R	22A7CFE3-2413-41D2-80F8-C693F17141F9		-83.078125	122.674667	-148.321564	0.000000	74893.208172		
2013092723085433400	Heading	2013-09-27 23:08:54.334	R	22A7CFE3-2413-41D2-80F8-C693F17141F9		215.133331	215.310181	25.000000	34.327065	-51.345856	20.782089	20130927230854332		
2013092723085434000	CMDevMot	2013-09-27 23:08:54.339	R	22A7CFE3-2413-41D2-80F8-C693F17141F9		0.440544	0.561628	-0.700353	-0.596214	-0.400201	-0.695966	-0.671156	0.724164	0.158544	0.648498	-0.013333	-0.528725	0.547469	1.338823	0.809821	-2.189910	1.649264	0.703145	-1.305448	0.671156	-0.724164	-0.158544	0.319887	0.369519	0.245290	34.167252	-40.476601	24.861481	1.000000	74893.202231		
2013092723085434000	CMGyro	2013-09-27 23:08:54.340	R	22A7CFE3-2413-41D2-80F8-C693F17141F9		1.574444	0.666227	-1.112764	74893.217863		
2013092723085436000	Heading	2013-09-27 23:08:54.359	R	22A7CFE3-2413-41D2-80F8-C693F17141F9		219.240875	219.417725	25.000000	36.731964	-48.547127	23.292404	20130927230854358		
2013092723085437000	CMDevMot	2013-09-27 23:08:54.370	R	22A7CFE3-2413-41D2-80F8-C693F17141F9		0.435124	0.546104	-0.715847	-0.566016	-0.452399	-0.689175	-0.700210	0.705057	0.112254	0.666196	-0.007472	-0.531396	0.523206	1.411834	0.782504	-2.262623	1.267030	0.651595	-1.194384	0.700210	-0.705057	-0.112254	0.199922	0.353617	0.259867	35.201637	-37.745674	27.567337	1.000000	74893.233495		
2013092723085437100	CMGyro	2013-09-27 23:08:54.370	R	22A7CFE3-2413-41D2-80F8-C693F17141F9		1.237651	0.461527	-1.256891	74893.249127		
2013092723085437100	CMDevMotMag	2013-09-27 23:08:54.371	R	22A7CFE3-2413-41D2-80F8-C693F17141F9		-82.069077	127.702316	-147.008972	0.000000	74893.247009		
2013092723085439000	Heading	2013-09-27 23:08:54.390	R	22A7CFE3-2413-41D2-80F8-C693F17141F9		222.377045	222.553894	25.000000	38.581879	-45.765160	25.392517	20130927230854388		
2013092723085440400	CMDevMot	2013-09-27 23:08:54.404	R	22A7CFE3-2413-41D2-80F8-C693F17141F9		0.422161	0.537635	-0.729883	-0.538036	-0.499399	-0.679056	-0.729587	0.679375	0.078440	0.678808	-0.000148	-0.537512	0.500300	1.463695	0.746910	-2.319341	1.167457	0.145232	-1.350298	0.729587	-0.679375	-0.078440	0.319043	0.264717	0.033396	35.591202	-36.514935	28.701490	1.000000	74893.264758		
2013092723085440500	CMGyro	2013-09-27 23:08:54.404	R	22A7CFE3-2413-41D2-80F8-C693F17141F9		1.440186	-0.011735	-1.228503	74893.280390		
2013092723085441000	CMDevMotMag	2013-09-27 23:08:54.410	R	22A7CFE3-2413-41D2-80F8-C693F17141F9		-78.369247	128.707855	-144.383820	0.000000	74893.285860		
2013092723085441200	Heading	2013-09-27 23:08:54.411	R	22A7CFE3-2413-41D2-80F8-C693F17141F9		225.362106	225.538956	25.000000	40.179535	-43.402161	27.246536	20130927230854410		
2013092723085443400	CMDevMot	2013-09-27 23:08:54.433	R	22A7CFE3-2413-41D2-80F8-C693F17141F9		0.403807	0.522584	-0.750897	-0.516220	-0.547479	-0.658622	-0.755286	0.653584	0.048692	0.689673	0.002307	-0.545977	0.475663	1.506417	0.712311	-2.379456	1.437949	0.151326	-1.053131	0.755286	-0.653584	-0.048692	0.401269	0.108433	0.060411	36.654205	-33.984592	30.419830	1.000000	74893.296022		
2013092723085443400	CMGyro	2013-09-27 23:08:54.434	R	22A7CFE3-2413-41D2-80F8-C693F17141F9		1.592253	0.331059	-0.647749	74893.311654		
2013092723085443700	Heading	2013-09-27 23:08:54.437	R	22A7CFE3-2413-41D2-80F8-C693F17141F9		228.414444	228.591293	25.000000	41.239037	-41.072693	28.772400	20130927230854436		
2013092723085444900	CMDevMotMag	2013-09-27 23:08:54.449	R	22A7CFE3-2413-41D2-80F8-C693F17141F9		-79.210114	132.897552	-143.235306	0.000000	74893.324684		
2013092723085446300	Heading	2013-09-27 23:08:54.463	R	22A7CFE3-2413-41D2-80F8-C693F17141F9		231.135345	231.312195	25.000000	41.962189	-38.776733	30.134216	20130927230854462		
2013092723085446500	CMDevMot	2013-09-27 23:08:54.464	R	22A7CFE3-2413-41D2-80F8-C693F17141F9		0.402853	0.496439	-0.768933	-0.497871	-0.586092	-0.639234	-0.768006	0.640347	0.011054	0.703188	-0.000509	-0.546419	0.454922	1.556404	0.694950	-2.438824	1.301584	0.584793	-0.295316	0.768006	-0.640347	-0.011054	0.311645	0.038296	0.267661	38.083992	-30.037498	32.729305	1.000000	74893.327286		
2013092723085446500	CMGyro	2013-09-27 23:08:54.465	R	22A7CFE3-2413-41D2-80F8-C693F17141F9		1.101451	0.824530	0.051394	74893.342917		
2013092723085448900	CMDevMotMag	2013-09-27 23:08:54.488	R	22A7CFE3-2413-41D2-80F8-C693F17141F9		-81.060028	133.735504	-138.477203	0.000000	74893.363630		
2013092723085449000	Heading	2013-09-27 23:08:54.490	R	22A7CFE3-2413-41D2-80F8-C693F17141F9		233.667862	233.844711	25.000000	42.550797	-36.748917	31.758530	20130927230854488		
2013092723085449600	CMDevMot	2013-09-27 23:08:54.496	R	22A7CFE3-2413-41D2-80F8-C693F17141F9		0.422536	0.472170	-0.773640	-0.483580	-0.604486	-0.633046	-0.766560	0.641601	-0.027085	0.716608	-0.003981	-0.537323	0.444681	1.606115	0.696584	-2.478477	0.798913	0.752905	0.284880	0.766560	-0.641601	0.027085	0.068111	-0.021180	0.204391	37.650349	-28.441666	34.603065	1.000000	74893.358549		
2013092723085449700	CMGyro	2013-09-27 23:08:54.496	R	22A7CFE3-2413-41D2-80F8-C693F17141F9		0.604739	1.026090	0.352371	74893.374181		
2013092723085451500	Heading	2013-09-27 23:08:54.515	R	22A7CFE3-2413-41D2-80F8-C693F17141F9		234.871658	235.048508	25.000000	42.567612	-35.424957	33.021896	20130927230854514		
2013092723085452700	CMDevMotMag	2013-09-27 23:08:54.527	R	22A7CFE3-2413-41D2-80F8-C693F17141F9		-81.900909	132.562378	-139.953857	0.000000	74893.402454		
2013092723085452800	CMDevMot	2013-09-27 23:08:54.528	R	22A7CFE3-2413-41D2-80F8-C693F17141F9		0.451329	0.458257	-0.765704	-0.468479	-0.608631	-0.640387	-0.759493	0.647742	-0.060009	0.728005	-0.003511	-0.523759	0.442349	1.649644	0.704617	-2.496218	0.112418	1.142254	0.178308	0.759493	-0.647742	0.060009	-0.157900	-0.077752	0.155308	36.463356	-27.942856	36.241825	1.000000	74893.389813		
2013092723085452900	CMGyro	2013-09-27 23:08:54.529	R	22A7CFE3-2413-41D2-80F8-C693F17141F9		0.025795	1.022145	-0.052228	74893.405445		
2013092723085455800	CMDevMot	2013-09-27 23:08:54.558	R	22A7CFE3-2413-41D2-80F8-C693F17141F9		0.472236	0.462196	-0.750579	-0.446448	-0.608801	-0.655779	-0.760051	0.644777	-0.081151	0.735219	0.005355	-0.513667	0.442234	1.677164	0.700731	-2.492236	-0.128182	0.734508	-0.363917	0.760051	-0.644777	0.081151	-0.171611	-0.045180	0.064204	35.715805	-27.942635	36.978909	1.000000	74893.421076		
2013092723085455800	CMGyro	2013-09-27 23:08:54.558	R	22A7CFE3-2413-41D2-80F8-C693F17141F9		0.044352	0.219998	-0.513645	74893.436708		
2013092723085456600	CMDevMotMag	2013-09-27 23:08:54.565	R	22A7CFE3-2413-41D2-80F8-C693F17141F9		-84.255341	134.573441	-139.625717	0.000000	74893.441387		
2013092723085459000	CMDevMot	2013-09-27 23:08:54.590	R	22A7CFE3-2413-41D2-80F8-C693F17141F9		0.467121	0.471417	-0.748040	-0.433366	-0.615364	-0.658424	-0.770709	0.631738	-0.083154	0.735805	0.012928	-0.516016	0.438350	1.678273	0.683794	-2.487880	0.047831	-0.340468	-0.636686	0.770709	-0.631738	0.083154	-0.149539	0.002069	0.103309	34.703918	-27.896448	37.964134	1.000000	74893.452340		
2013092723085459100	CMGyro	2013-09-27 23:08:54.590	R	22A7CFE3-2413-41D2-80F8-C693F17141F9		0.302117	-0.581645	-0.619507	74893.467972		
2013092723085460500	CMDevMotMag	2013-09-27 23:08:54.605	R	22A7CFE3-2413-41D2-80F8-C693F17141F9		-80.050980	135.076202	-140.446075	0.000000	74893.480280		
2013092723085462100	CMDevMot	2013-09-27 23:08:54.621	R	22A7CFE3-2413-41D2-80F8-C693F17141F9		0.445648	0.475696	-0.758360	-0.431530	-0.628060	-0.647551	-0.784334	0.615835	-0.074617	0.732858	0.015066	-0.526259	0.430979	1.665645	0.663446	-2.493369	0.316779	-0.427240	-0.601281	0.784334	-0.615835	0.074617	-0.070482	-0.003290	0.202574	35.621658	-26.917990	37.820213	1.000000	74893.483603		
2013092723085462100	CMGyro	2013-09-27 23:08:54.621	R	22A7CFE3-2413-41D2-80F8-C693F17141F9		0.494953	-0.156485	-0.455879	74893.499235		
2013092723085464400	CMDevMotMag	2013-09-27 23:08:54.643	R	22A7CFE3-2413-41D2-80F8-C693F17141F9		-80.387329	136.416916	-139.461639	0.000000	74893.519115		
2013092723085465300	CMDevMot	2013-09-27 23:08:54.652	R	22A7CFE3-2413-41D2-80F8-C693F17141F9		0.437064	0.474346	-0.764180	-0.423132	-0.641298	-0.640076	-0.793684	0.603103	-0.079577	0.734496	0.017432	-0.530249	0.423140	1.670726	0.647385	-2.504738	0.242062	0.274771	-0.412980	0.793684	-0.603103	0.079577	-0.012038	0.013061	0.284864	36.539211	-25.891125	37.661453	1.000000	74893.514867		
2013092723085465300	CMGyro	2013-09-27 23:08:54.653	R	22A7CFE3-2413-41D2-80F8-C693F17141F9		0.177638	0.455307	-0.274640	74893.530499		
2013092723085467100	Heading	2013-09-27 23:08:54.670	R	22A7CFE3-2413-41D2-80F8-C693F17141F9		236.165375	236.342224	25.000000	41.205414	-32.056442	35.138412	20130927230854669		
2013092723085468200	CMDevMotMag	2013-09-27 23:08:54.682	R	22A7CFE3-2413-41D2-80F8-C693F17141F9		-81.396378	136.081741	-140.117935	0.000000	74893.557931		
2013092723085468400	CMDevMot	2013-09-27 23:08:54.683	R	22A7CFE3-2413-41D2-80F8-C693F17141F9		0.443463	0.477142	-0.758733	-0.408850	-0.645633	-0.644981	-0.797610	0.596233	-0.091235	0.738297	0.023125	-0.527004	0.420296	1.684687	0.638801	-2.505150	-0.092377	0.429289	-0.135525	0.797610	-0.596233	0.091235	0.028547	0.097546	0.200071	36.515896	-25.189655	38.156517	1.000000	74893.546131		
2013092723085468400	CMGyro	2013-09-27 23:08:54.684	R	22A7CFE3-2413-41D2-80F8-C693F17141F9		0.011864	0.354620	0.032568	74893.561762		
2013092723085471500	CMDevMot	2013-09-27 23:08:54.715	R	22A7CFE3-2413-41D2-80F8-C693F17141F9		0.452227	0.478394	-0.752749	-0.401890	-0.644145	-0.650816	-0.796225	0.596839	-0.099038	0.740846	0.025816	-0.522705	0.421024	1.694545	0.639555	-2.502793	0.038918	0.320863	0.109685	0.796225	-0.596839	0.099038	0.010858	0.125312	0.025108	36.325203	-25.104891	38.393669	1.000000	74893.577394		
2013092723085471500	CMGyro	2013-09-27 23:08:54.715	R	22A7CFE3-2413-41D2-80F8-C693F17141F9		0.274234	0.217005	0.220490	74893.593026		
2013092723085472100	CMDevMotMag	2013-09-27 23:08:54.721	R	22A7CFE3-2413-41D2-80F8-C693F17141F9		-81.060028	136.081741	-140.774231	0.000000	74893.596794		
2013092723085474700	CMDevMot	2013-09-27 23:08:54.746	R	22A7CFE3-2413-41D2-80F8-C693F17141F9		0.460131	0.472284	-0.751816	-0.400995	-0.644950	-0.650571	-0.792138	0.600822	-0.107378	0.743717	0.023964	-0.518999	0.420655	1.705530	0.644530	-2.509529	0.176240	0.169606	0.191131	0.792138	-0.600822	0.107378	-0.043343	0.220116	0.042448	35.877522	-25.199728	38.750828	1.000000	74893.608658		
2013092723085474700	CMGyro	2013-09-27 23:08:54.747	R	22A7CFE3-2413-41D2-80F8-C693F17141F9		0.306761	0.157969	0.233857	74893.624290		
2013092723085476000	CMDevMotMag	2013-09-27 23:08:54.760	R	22A7CFE3-2413-41D2-80F8-C693F17141F9		-82.909958	134.908615	-139.953857	0.000000	74893.635609		
